AA
  8.205042804566   1.836104087805   0.422645869947  -1.830879921112  -0.950294018256  -2.296997521940   4.257899145453  -2.455536212140  -3.837044332445   0.722514789985   1.896131499481 -20.955311502314  -7.642853507154   1.261623041099  -0.130316188074   1.902632732666  -0.589014232972   1.398755883236 
  1.836104087805   2.232770397359   1.597932905910   0.364112795080  -1.137140025239   1.206449336977  -0.722952941328   0.809559188801   0.007738045925   2.266413124566   0.030399984818  -5.559311213039  -2.491483887655  -0.534211170993  -1.350059919336   0.868314085641   0.822103316542  -0.395507708191 
  0.422645869947   1.597932905910   5.111788995342   0.886300721933  -3.771232679229   1.161703263090  -2.379501519926   0.116531609490   1.749192432367   4.186205078297  -0.769460372518  -1.027821503741  -0.370655271326  -0.710724263521  -2.871308712601   0.124450379325   1.321805484178  -1.703813773684 
 -1.830879921112   0.364112795080   0.886300721933   4.728002281524  -2.410690511758  -0.371718120161   0.492643264158   1.595769121148   3.531255018780   0.414905714038  -1.517249558383   4.693952777648   1.763013514258  -0.137314445821  -0.377872844465  -0.691548739858   0.496460506086   0.464109545399 
 -0.950294018256  -1.137140025239  -3.771232679229  -2.410690511758  33.331539479014  -4.265833102265   1.661530442912   0.473066145806   1.614472492085  -0.596149740018   1.075462367070   3.361569012227   0.695084815939   1.084466306230   0.689682022659  -0.929699556327  -2.304137510880   1.092040110804 
 -2.296997521940   1.206449336977   1.161703263090  -0.371718120161  -4.265833102265  18.609715768756 -19.359224977830  -0.183493464600  -1.346185352760   4.631940071919   2.728196936650  -1.950396947555   1.080854141449  -0.987387621380  -1.583840445262   1.637909307989   2.475793277507 -14.977110508381 
  4.257899145453  -0.722952941328  -2.379501519926   0.492643264158   1.661530442912 -19.359224977830  30.164901860005   0.575697926789   1.459777721086  -5.809497450241  -0.544670341968  -6.446540058307  -3.453012802621   2.345735651897   2.021739744982  -2.166037077397  -3.219122898293  18.966303355547 
 -2.455536212140   0.809559188801   0.116531609490   1.595769121148   0.473066145806  -0.183493464600   0.575697926789   6.860537097030   3.628529447946   0.180835630476  -1.911227757767   6.001071004767   1.919825128980  -0.583896443765  -1.043726940999  -0.638825463904   1.064692772790   2.543319804323 
 -3.837044332445   0.007738045925   1.749192432367   3.531255018780   1.614472492085  -1.346185352760   1.459777721086   3.628529447946  11.947406389711   1.337473248295  -5.033880930909   6.809153484531   3.964152348576  -0.002548005350  -0.948955507953  -3.486549986987   0.817811340653  -0.168608420067 
  0.722514789985   2.266413124566   4.186205078297   0.414905714038  -0.596149740018   4.631940071919  -5.809497450241   0.180835630476   1.337473248295   7.692157395767   1.556439148257  -2.942786055294  -1.143643286488  -0.551938368691  -3.574293988420   0.845760526974   1.193980826125  -4.840165717819 
  1.896131499481   0.030399984818  -0.769460372518  -1.517249558383   1.075462367070   2.728196936650  -0.544670341968  -1.911227757767  -5.033880930909   1.556439148257   8.023716437763  -3.690250873831  -2.820273352482   1.386133518034  -1.167855471422   0.521261785200  -0.697710144909   0.146204128933 
-20.955311502314  -5.559311213039  -1.027821503741   4.693952777648   3.361569012227  -1.950396947555  -6.446540058307   6.001071004767   6.809153484531  -2.942786055294  -3.690250873831  72.420688037028  20.168982932747  -1.128684619331   0.248538444861  -5.411102613972   1.524718596455   5.035489436342 
 -7.642853507154  -2.491483887655  -0.370655271326   1.763013514258   0.695084815939   1.080854141449  -3.453012802621   1.919825128980   3.964152348576  -1.143643286488  -2.820273352482  20.168982932746   8.109603730394  -1.146804334562   0.662816539623  -1.672552711835   0.573349138282  -1.758539230349 
  1.261623041099  -0.534211170993  -0.710724263521  -0.137314445821   1.084466306230  -0.987387621380   2.345735651897  -0.583896443765  -0.002548005350  -0.551938368691   1.386133518034  -1.128684619331  -1.146804334562   2.149738451556   0.318374773006  -0.750711270495  -0.313557520482   1.838724555825 
 -0.130316188074  -1.350059919336  -2.871308712601  -0.377872844465   0.689682022659  -1.583840445262   2.021739744982  -1.043726940999  -0.948955507953  -3.574293988420  -1.167855471422   0.248538444861   0.662816539623   0.318374773006   5.232496159014   0.897947970458  -2.216257557362   0.183897397042 
  1.902632732666   0.868314085641   0.124450379325  -0.691548739858  -0.929699556327   1.637909307989  -2.166037077397  -0.638825463904  -3.486549986987   0.845760526974   0.521261785200  -5.411102613972  -1.672552711835  -0.750711270495   0.897947970458   5.901688402960  -3.160445454605  -1.556664290458 
 -0.589014232972   0.822103316542   1.321805484178   0.496460506086  -2.304137510880   2.475793277507  -3.219122898293   1.064692772790   0.817811340653   1.193980826125  -0.697710144909   1.524718596455   0.573349138282  -0.313557520482  -2.216257557362  -3.160445454605  33.917289604810   1.471774941122 
  1.398755883236  -0.395507708191  -1.703813773684   0.464109545399   1.092040110804 -14.977110508381  18.966303355547   2.543319804323  -0.168608420067  -4.840165717819   0.146204128933   5.035489436342  -1.758539230349   1.838724555825   0.183897397042  -1.556664290458   1.471774941122  18.158114379652 

-86.061135926689 -21.763141844255   1.645087101861  26.779217347948  13.902074384043 -12.696516388886 -20.957453604666  31.889096920868  61.875569974037  -9.356190609111 -34.504677859887 272.395411003305  85.385618127179  -7.928124741430   0.385347964256 -28.055165837342   7.317292600528  14.040956607878 

AC
  9.548984999614   1.928204520055   0.509010040386  -1.403028782135  -1.361594347345  -2.321361960197   2.680303665252  -2.624412049790  -3.389375761792   0.176472602282   2.319728943417 -24.233276754718  -8.204641881073   2.405919991654  -0.201859131340   1.834955896631   0.024737499393   2.309148141889 
  1.928204520055   2.070377404463   1.179186472818   0.174566617161  -0.387073927075   1.197281436955  -0.774292314768   0.520912965332   0.048109399120   1.593602269743   0.191285064131  -4.887787940921  -2.850334473797  -0.730274461083  -0.991685414411   0.244167111302   0.837325558624  -1.412673313170 
  0.509010040386   1.179186472818   4.514165664006   0.457162385375  -1.840482912363   0.541799409036  -1.724637582672  -0.050059796669   0.976046341607   3.340808924779   0.035626455698  -0.685356555467  -0.800666419258  -0.646085882738  -3.082245733243  -0.184928614457   1.655376747437  -1.059929568080 
 -1.403028782135   0.174566617161   0.457162385375   4.343017998515  -2.625960638312  -0.286959086476   0.416973216668   1.696719156357   3.027914280957  -0.430649656731  -0.570111496905   3.609359436320   1.511447604227  -0.190884566902  -0.422388508354  -0.755478908057   1.122164925774   0.881778693703 
 -1.361594347345  -0.387073927075  -1.840482912363  -2.625960638312  32.637061524240  -1.053865237713   3.557813211725   0.353183412269   2.076153163981  -0.794756132947  -1.316917884746   3.485045842662   0.663172063092   0.545263214918   1.260833231115  -1.211586036756  -3.416290329870   0.364202893539 
 -2.321361960197   1.197281436955   0.541799409036  -0.286959086476  -1.053865237713  19.628322017543 -22.064468917972   1.194813399907  -0.401220732727   3.710047944813   1.584059587395   0.460415675993  -1.468479553329  -2.454865092425  -1.371773093260   0.652744799975   1.253915180021 -17.256874376347 
  2.680303665252  -0.774292314768  -1.724637582672   0.416973216668   3.557813211725 -22.064468917972  33.663375226285   0.337321850880   1.752181941031  -4.968715872135  -1.364433354482  -2.269439424776   0.520495841896   2.738639374218   2.017535619609  -1.281889409213  -4.372585124085  21.471838724751 
 -2.624412049790   0.520912965332  -0.050059796669   1.696719156357   0.353183412269   1.194813399907   0.337321850880   6.902039063659   3.599024264021   0.322297890394  -0.327259212992   7.933010350261   2.030400696905  -1.223084434173  -0.785028286705  -1.382383549588   0.936308104607   0.082029432042 
 -3.389375761792   0.048109399120   0.976046341607   3.027914280957   2.076153163981  -0.401220732727   1.752181941031   3.599024264021  11.265690249430   0.803991075777  -3.764752973484   4.873952845233   3.115035321106  -0.001947560618  -0.574588833164  -3.294532180585   1.486506298321   0.780430359706 
  0.176472602282   1.593602269743   3.340808924779  -0.430649656731  -0.794756132947   3.710047944813  -4.968715872135   0.322297890394   0.803991075777   5.055263466642   0.538994595298  -0.811946859788  -1.492612414362  -1.111314999428  -3.257892829724  -0.207479656815   1.150323778428  -4.296332723607 
  2.319728943417   0.191285064131   0.035626455698  -0.570111496905  -1.316917884746   1.584059587395  -1.364433354482  -0.327259212992  -3.764752973484   0.538994595298   7.667335430236  -1.581271388287  -2.350302404191   0.336128462327  -0.710865796937   0.665174560126  -1.429586200446  -0.484319898875 
-24.233276754718  -4.887787940921  -0.685356555467   3.609359436320   3.485045842662   0.460415675993  -2.269439424776   7.933010350261   4.873952845233  -0.811946859788  -1.581271388287  80.006618446909  22.739725432500  -5.111008837000   0.645912713548  -4.956405403638   1.021501169466  -2.083199648486 
 -8.204641881073  -2.850334473797  -0.800666419258   1.511447604227   0.663172063092  -1.468479553329   0.520495841896   2.030400696905   3.115035321106  -1.492612414362  -2.350302404191  22.739725432500   8.808644618439  -1.265240548423   0.769454067701  -1.478976203998   0.244971788293   1.511268764730 
  2.405919991654  -0.730274461083  -0.646085882738  -0.190884566902   0.545263214918  -2.454865092425   2.738639374218  -1.223084434173  -0.001947560618  -1.111314999428   0.336128462327  -5.111008837000  -1.265240548423   1.828976361511   0.660731090466   0.166289092819  -0.848627476448   1.874625352718 
 -0.201859131340  -0.991685414411  -3.082245733243  -0.422388508354   1.260833231115  -1.371773093260   2.017535619609  -0.785028286705  -0.574588833164  -3.257892829724  -0.710865796937   0.645912713548   0.769454067701   0.660731090466   9.170614969666  -0.983797412856 -10.259748108426   0.283912630557 
  1.834955896631   0.244167111302  -0.184928614457  -0.755478908057  -1.211586036756   0.652744799975  -1.281889409213  -1.382383549588  -3.294532180585  -0.207479656815   0.665174560126  -4.956405403638  -1.478976203998   0.166289092819  -0.983797412856   4.101975345617   4.174822277474   0.416491812068 
  0.024737499393   0.837325558624   1.655376747437   1.122164925774  -3.416290329870   1.253915180021  -4.372585124085   0.936308104607   1.486506298321   1.150323778428  -1.429586200446   1.021501169466   0.244971788293  -0.848627476448 -10.259748108426   4.174822277474  41.394128422184   1.832495909921 
  2.309148141889  -1.412673313170  -1.059929568080   0.881778693703   0.364202893539 -17.256874376347  21.471838724751   0.082029432042   0.780430359706  -4.296332723607  -0.484319898875  -2.083199648486   1.511268764730   1.874625352718   0.283912630557   0.416491812068   1.832495909921  19.114114236367 

-96.861418020771 -18.795483210927   0.446779857638  21.145933114476  17.194512729062   1.753261392004  -5.991268275614  37.747081672001  51.652349703512  -0.677343718387 -21.700035357937 293.995685913578  91.969882068853 -18.377249932944   1.878503053385 -27.493010168881   9.376463303680  -4.369137045369 

AG
  8.019355313524   1.872855496003   0.289666215446  -1.564077848843  -1.274195598063  -2.376861282047   4.559734195602  -2.091316317399  -3.429148329896   1.137573869429   2.520479550408 -20.846696541780  -7.689547042556   0.969420559897  -0.749146081689   1.740405764304  -0.524913846652   1.394983462754 
  1.872855496003   2.280194949727   1.483969113818   0.192244931336  -1.094215671166   1.068043232492  -0.600024465341   1.261483051624   0.070778213214   1.615607846636   0.092806888090  -5.094251412619  -2.715159669573  -0.192838297561  -1.679264429415   0.075582282675   0.819211038441   0.446362023898 
  0.289666215446   1.483969113818   4.572006272071   0.648126732792  -5.162059677538   0.896852560178  -1.999158445016   0.379519617683   1.333215900375   3.809967992794  -0.370346736131  -0.602489024984  -0.434940347814  -0.525496272714  -3.168182122451   0.158133076675   1.943751641932  -0.458936399228 
 -1.564077848843   0.192244931336   0.648126732792   4.237678665719  -2.676683198707  -0.483693511469   0.390413616105   0.732801949796   2.789604830477  -0.425531886500  -0.992333246495   3.577593634334   1.576310268974   0.007806847379  -0.400680159279  -1.605210928488   0.703379496032   0.029374403326 
 -1.274195598063  -1.094215671166  -5.162059677538  -2.676683198707  33.144301085148  -2.184689117854   3.803765537815   0.315580230821   2.003300822909  -1.314666099384  -0.443130372694   3.664081336989   0.721144213554   1.011494568686   1.164812306273  -1.448413307362  -2.145981083340   2.079390300870 
 -2.376861282047   1.068043232492   0.896852560178  -0.483693511469  -2.184689117854  17.919864736508 -19.917527033228  -0.009460293681  -1.467445021639   3.898151230634   1.474908624896  -0.110556721419   0.586544057224  -0.143795527877  -1.738341011661   1.431705314329   2.790709060483 -13.416569842361 
  4.559734195602  -0.600024465341  -1.999158445016   0.390413616105   3.803765537815 -19.917527033228  30.771022220566   1.018384546573   2.179828087138  -4.971865864244   0.063628085277  -6.892406244322  -3.019249479677   1.746814267710   2.482384751440  -2.454160218739  -4.154776430224  17.714640929186 
 -2.091316317399   1.261483051624   0.379519617683   0.732801949796   0.315580230821  -0.009460293681   1.018384546573   6.898349171901   3.113863669438   0.254098149698  -1.963210484842   5.435531618773   1.582297283228  -0.167417108483  -0.835901150397  -0.697456441944   1.207310646362   3.085030387071 
 -3.429148329896   0.070778213214   1.333215900375   2.789604830477   2.003300822909  -1.467445021639   2.179828087138   3.113863669438  10.118271333680   1.312308101304  -3.525053578648   5.609375288544   3.550978113550   0.098540151364  -0.806911199005  -2.832391427781   0.983847011710   0.353698166711 
  1.137573869429   1.615607846636   3.809967992794  -0.425531886500  -1.314666099384   3.898151230634  -4.971865864244   0.254098149698   1.312308101304   6.064856208592   1.131796226872  -3.979373522598  -1.660776809859  -0.121381589756  -3.522819646878   0.057660473222   1.671177539133  -3.281009758967 
  2.520479550408   0.092806888090  -0.370346736131  -0.992333246495  -0.443130372694   1.474908624896   0.063628085277  -1.963210484842  -3.525053578648   1.131796226872   6.314757897581  -4.132336810329  -3.298963587018   1.407188157278  -0.808439536685  -0.134611586904  -1.946872589978   0.035299962983 
-20.846696541780  -5.094251412619  -0.602489024984   3.577593634334   3.664081336989  -0.110556721419  -6.892406244322   5.435531618773   5.609375288544  -3.979373522598  -4.132336810329  71.187770867748  20.722372304170  -0.685879384500   1.646785739549  -4.384075084802   1.163233154398   4.756814557700 
 -7.689547042556  -2.715159669573  -0.434940347814   1.576310268974   0.721144213554   0.586544057224  -3.019249479677   1.582297283228   3.550978113550  -1.660776809859  -3.298963587018  20.722372304170   8.428569271271  -1.033375221810   0.511783590576  -1.457727779255   1.230360957272  -0.806538514883 
  0.969420559897  -0.192838297561  -0.525496272714   0.007806847379   1.011494568686  -0.143795527877   1.746814267710  -0.167417108483   0.098540151364  -0.121381589756   1.407188157278  -0.685879384500  -1.033375221810   2.149067705546   1.488933079894  -0.215186760967  -3.217545206165   1.283355124556 
 -0.749146081689  -1.679264429415  -3.168182122451  -0.400680159279   1.164812306273  -1.738341011661   2.482384751440  -0.835901150397  -0.806911199005  -3.522819646878  -0.808439536685   1.646785739549   0.511783590576   1.488933079894   6.461344982507  -0.214041054587  -5.870434053088   3.608095955852 
  1.740405764304   0.075582282675   0.158133076675  -1.605210928488  -1.448413307362   1.431705314329  -2.454160218739  -0.697456441944  -2.832391427781   0.057660473222  -0.134611586904  -4.384075084802  -1.457727779255  -0.215186760967  -0.214041054587   3.770550815861  -0.179434310118  -1.693874021288 
 -0.524913846652   0.819211038441   1.943751641932   0.703379496032  -2.145981083340   2.790709060483  -4.154776430224   1.207310646362   0.983847011710   1.671177539133  -1.946872589978   1.163233154398   1.230360957272  -3.217545206165  -5.870434053088  -0.179434310118  30.754274128781  -3.447801519689 
  1.394983462754   0.446362023898  -0.458936399228   0.029374403326   2.079390300870 -13.416569842361  17.714640929186   3.085030387071   0.353698166711  -3.281009758967   0.035299962983   4.756814557700  -0.806538514883   1.283355124556   3.608095955852  -1.693874021288  -3.447801519689  16.939057575932 

-84.820263043886 -19.720791354362   1.744113835796  20.243853181796  15.884464779274  -4.330050778664 -21.277433930291  29.215822623563  50.685242981202 -11.650222878087 -30.347918942749 265.847981309406  86.772185925540  -6.559176240771   3.974097878689 -20.532582641694  10.393798983046  14.877160136883 

AT
  9.741297634876   1.908691513548  -0.122733981769  -1.330714955530   0.195529370549  -2.076009266421   1.763226668681  -1.599612208062  -2.592201310260  -0.841184897756   2.081521541811 -24.530490668127  -8.718192771048   2.674425163155   0.361452608407   1.420946921540  -0.153142120709   2.001155889324 
  1.908691513548   2.265055387603   1.020678282572   0.291170679227  -0.358367549524   0.906375199251  -0.864624291070  -0.149863457430   0.389780247306   1.151545730905   0.543973722710  -5.366511080271  -2.674425163155  -0.731628819965  -0.937186736613  -0.174452446784   0.884132551462  -1.069723256622 
 -0.122733981769   1.020678282572   4.716108665873   0.368468847212  -3.724198037853   0.412769710916  -1.026054021091  -0.382677868028   0.318267724345   3.619246056165  -0.473336916877  -0.120211370765  -0.361452608407  -0.937186736613  -3.295481497218  -0.093224936182   1.260225140686  -0.874676038446 
 -1.330714955530   0.291170679227   0.368468847212   4.405043746418  -2.352696016365  -0.032560467663  -0.343157506978   1.557435139577   3.293132160990  -0.335686104923  -0.101293618242   3.878322274533   1.420946921540   0.174452446784   0.093224936182  -1.539647361850   1.097390444758   0.235433042836 
  0.195529370549  -0.358367549524  -3.724198037853  -2.352696016365  31.433206968765  -0.585661465386   3.300500122924   0.443187703528   1.624304386932  -0.371825078512  -1.042200078207   2.319242475826   0.153142120709   0.884132551462   1.260225140686  -1.097390444758  -2.835295074120   0.394862908805 
 -2.076009266421   0.906375199251   0.412769710916  -0.032560467663  -0.585661465386  20.411516815007 -23.333642902143   0.556028367582  -0.107697635493   3.582911775910   1.105073771355  -0.719917663256  -2.001155889324  -1.069723256622  -0.874676038446  -0.235433042836   0.394862908805 -17.835435755733 
  1.763226668681  -0.864624291070  -1.026054021091  -0.343157506978   3.300500122924 -23.333642902143  36.182433406361  -0.000000000000  -0.000000000000  -3.422062456427   0.000000000000   0.000000000000   1.763226668681   0.864624291070   1.026054021091  -0.343157506978  -3.300500122924  23.333642902143 
 -1.599612208062  -0.149863457430  -0.382677868028   1.557435139577   0.443187703528   0.556028367582  -0.000000000000   7.236000608654   3.596397198850   0.000000000000  -1.030702565206   5.101924896992   1.599612208062  -0.149863457430  -0.382677868028  -1.557435139577   0.443187703528   0.556028367582 
 -2.592201310260   0.389780247306   0.318267724345   3.293132160990   1.624304386932  -0.107697635493  -0.000000000000   3.596397198850  12.252724791085  -0.000000000000  -3.089979079202   4.255181646042   2.592201310260   0.389780247306   0.318267724345  -3.293132160990   1.624304386932  -0.107697635493 
 -0.841184897756   1.151545730905   3.619246056165  -0.335686104923  -0.371825078512   3.582911775910  -3.422062456427   0.000000000000  -0.000000000000   5.859807968201  -0.000000000000   0.000000000000  -0.841184897756  -1.151545730905  -3.619246056165  -0.335686104923   0.371825078512  -3.582911775910 
  2.081521541811   0.543973722710  -0.473336916877  -0.101293618242  -1.042200078207   1.105073771355   0.000000000000  -1.030702565206  -3.089979079202  -0.000000000000   9.011551480730  -1.013238769711  -2.081521541811   0.543973722710  -0.473336916877   0.101293618242  -1.042200078207   1.105073771355 
-24.530490668127  -5.366511080271  -0.120211370765   3.878322274533   2.319242475826  -0.719917663256   0.000000000000   5.101924896992   4.255181646042   0.000000000000  -1.013238769711  81.509884900391  24.530490668127  -5.366511080271  -0.120211370765  -3.878322274533   2.319242475826  -0.719917663256 
 -8.718192771048  -2.674425163155  -0.361452608407   1.420946921540   0.153142120709  -2.001155889324   1.763226668681   1.599612208062   2.592201310260  -0.841184897756  -2.081521541811  24.530490668127   9.741297634876  -1.908691513548   0.122733981769  -1.330714955530  -0.195529370549   2.076009266421 
  2.674425163155  -0.731628819965  -0.937186736613   0.174452446784   0.884132551462  -1.069723256622   0.864624291070  -0.149863457430   0.389780247306  -1.151545730905   0.543973722710  -5.366511080271  -1.908691513548   2.265055387603   1.020678282572  -0.291170679227  -0.358367549524   0.906375199251 
  0.361452608407  -0.937186736613  -3.295481497218   0.093224936182   1.260225140686  -0.874676038446   1.026054021091  -0.382677868028   0.318267724345  -3.619246056165  -0.473336916877  -0.120211370765   0.122733981769   1.020678282572   4.716108665873  -0.368468847212  -3.724198037853   0.412769710916 
  1.420946921540  -0.174452446784  -0.093224936182  -1.539647361850  -1.097390444758  -0.235433042836  -0.343157506978  -1.557435139577  -3.293132160990  -0.335686104923   0.101293618242  -3.878322274533  -1.330714955530  -0.291170679227  -0.368468847212   4.405043746418   2.352696016365   0.032560467663 
 -0.153142120709   0.884132551462   1.260225140686   1.097390444758  -2.835295074120   0.394862908805  -3.300500122924   0.443187703528   1.624304386932   0.371825078512  -1.042200078207   2.319242475826  -0.195529370549  -0.358367549524  -3.724198037853   2.352696016365  31.433206968765  -0.585661465386 
  2.001155889324  -1.069723256622  -0.874676038446   0.235433042836   0.394862908805 -17.835435755733  23.333642902143   0.556028367582  -0.107697635493  -3.582911775910   1.105073771355  -0.719917663256   2.076009266421   0.906375199251   0.412769710916   0.032560467663  -0.585661465386  20.411516815007 

-97.486833101056 -20.472073786553   0.940429532791  21.337036508962  12.187789293492  -2.963725604467   0.000000000000  27.858603514601  50.382316348608   0.000000000000 -21.113867318010 299.278705065850  97.486833101056 -20.472073786553   0.940429532791 -21.337036508962  12.187789293492  -2.963725604467 

CA
  6.074465195345   0.363248694325   0.112347283287  -1.615906747125  -2.220356657900  -0.232348449647   0.307369771013  -2.165118321425  -3.720165763412   0.307077933920   3.234756070161 -16.294840788805  -5.634253236297   0.885180435961  -0.550657939529   1.465639983630  -0.435863926518  -0.207761624119 
  0.363248694325   1.663576825509   1.599928131790   0.164897572938  -2.233821507294   1.539129012483  -1.509726006962   0.997866613018  -0.199222980084   0.804637617735   0.492121147883   1.031370571608  -0.583911447938  -0.128528396403  -0.993111277694   0.505880150402   0.757107948758   0.751528975379 
  0.112347283287   1.599928131790   5.726378820752   0.648278289257  -5.152480815499   3.332688433460  -3.717526270677  -0.200936462436   0.506904043186   2.445355946635  -0.701777022861   1.055609398696   0.531961968521  -1.174155135980  -2.015861619478   0.240771271500   0.940761274958  -2.054876259995 
 -1.615906747125   0.164897572938   0.648278289257   2.550811686403  -1.311476800243   1.357908261848  -1.734305348488   0.686583854623   1.281939554998   0.490022181738  -0.062278311350   3.933596920356   1.546592763075  -0.131853682393  -0.182282321777   0.393192528328   0.603161958581  -1.256647497933 
 -2.220356657900  -2.233821507294  -5.152480815499  -1.311476800243  24.721010056764  -3.982879902970   4.528386860325   0.761100236191   0.675309509674  -1.479243787876  -0.629561344373   3.260758126835   0.548385870453   0.623286853453   1.275361164925  -0.918898543208  -1.484549648079   3.672372076727 
 -0.232348449647   1.539129012483   3.332688433460   1.357908261848  -3.982879902970  16.144111831607 -14.166535900367   2.400602005974  -1.423927766214   3.859887487560   2.958039454067   8.003940460061   0.684406702372   0.601781909286  -1.438430188175   1.621025502557   3.523157245722  -6.775863994724 
  0.307369771013  -1.509726006962  -3.717526270677  -1.734305348488   4.528386860325 -14.166535900367  22.754982956160  -0.242797710262  -0.057472197308  -5.713559343879  -0.570836589102  -0.447840324999  -0.588613226959   1.990590467494   3.026624707680  -2.453251002918  -3.979430989577  15.022547666347 
 -2.165118321425   0.997866613018  -0.200936462435   0.686583854623   0.761100236191   2.400602005974  -0.242797710262   6.370222952928   2.724241957092   0.283077924763  -0.387731388499   6.835927071081   2.263451472963   0.381354485265  -0.260228193808   0.149909528785   0.865327849230   2.536008289909 
 -3.720165763412  -0.199222980084   0.506904043186   1.281939554998   0.675309509674  -1.423927766214  -0.057472197308   2.724241957092   6.349339727381  -0.304381917408  -3.093531709569   3.952590435272   3.599543371207  -0.058843043500   0.723048834796  -1.198585266463   0.208845997108  -1.482723348008 
  0.307077933920   0.804637617735   2.445355946635   0.490022181738  -1.479243787876   3.859887487560  -5.713559343879   0.283077924763  -0.304381917408   4.306229296449   0.418936377403  -0.087198391766  -0.094062076775  -0.526071600339  -2.386007934520   1.616731569540   0.966250381828  -3.946399889126 
  3.234756070161   0.492121147883  -0.701777022861  -0.062278311350  -0.629561344373   2.958039454067  -0.570836589102  -0.387731388499  -3.093531709569   0.418936377403   5.706912306784  -3.972916805391  -2.891967647064   0.575774219944  -0.737662029734   0.569704407042   0.471899623676   0.985734583652 
-16.294840788805   1.031370571608   1.055609398696   3.933596920356   3.260758126835   8.003940460061  -0.447840324999   6.835927071081   3.952590435272  -0.087198391766  -3.972916805391  65.134653797674  16.018415377306   0.604068388706   0.749536635645  -4.050467430888   3.040701178853   7.977066487878 
 -5.634253236297  -0.583911447938   0.531961968521   1.546592763075   0.548385870453   0.684406702372  -0.588613226959   2.263451472963   3.599543371207  -0.094062076775  -2.891967647064  16.018415377306   5.896833905119  -0.555643005040   0.788091483222  -1.132263233562   1.052765576027  -0.349737113822 
  0.885180435961  -0.128528396403  -1.174155135980  -0.131853682393   0.623286853453   0.601781909286   1.990590467494   0.381354485265  -0.058843043500  -0.526071600339   0.575774219944   0.604068388706  -0.555643005040   1.673288557077   0.727173728931  -0.578575096322  -0.066363539356   1.894066532946 
 -0.550657939529  -0.993111277694  -2.015861619478  -0.182282321777   1.275361164925  -1.438430188175   3.026624707680  -0.260228193808   0.723048834796  -2.386007934520  -0.737662029734   0.749536635645   0.788091483222   0.727173728931   4.271845495895   0.246085881950  -1.907469917683   0.167170604827 
  1.465639983630   0.505880150402   0.240771271500   0.393192528328  -0.918898543208   1.621025502557  -2.453251002918   0.149909528785  -1.198585266463   1.616731569540   0.569704407042  -4.050467430888  -1.132263233562  -0.578575096322   0.246085881950   4.415519069411  -3.064327052992  -1.611380684000 
 -0.435863926518   0.757107948758   0.940761274958   0.603161958581  -1.484549648079   3.523157245722  -3.979430989577   0.865327849230   0.208845997108   0.966250381828   0.471899623676   3.040701178853   1.052765576027  -0.066363539356  -1.907469917683  -3.064327052992  30.676165135803   0.347873058983 
 -0.207761624119   0.751528975379  -2.054876259995  -1.256647497933   3.672372076727  -6.775863994724  15.022547666347   2.536008289909  -1.482723348008  -3.946399889126   0.985734583652   7.977066487878  -0.349737113822   1.894066532946   0.167170604827  -1.611380684000   0.347873058983  16.012020538867 

-68.086951071482   1.288701491676   4.904343184622  15.390070430690  14.823646940513  21.703611381185  -1.626830737350  34.928225082277  34.319373548344  -1.930714176365 -24.718681833006 231.218027541918  66.423773900717   0.666451241084   5.825997205075 -16.582103802449  10.597955780626  21.970404063722 

CC
  7.933911348869   0.694422916808   0.285422154002  -1.902788367898  -2.940361824719  -0.997106530596  -0.302970346403  -2.605718878165  -3.893110366473  -0.670519672468   3.484562744372 -20.828220064391  -6.857673632797   2.462969775291  -0.242235561636   1.798419139250  -0.420892367132   0.891049726356 
  0.694422916808   1.923500160125   1.939782029534   0.015913718188  -3.206441831000   1.718674278137  -1.593963043658   0.555448880228  -0.357755940584   0.565247996029   0.948662146810   0.174219395661  -0.929654608225  -0.326640427144  -0.760368886926   0.298485050553   1.066743163189  -0.414556247546 
  0.285422154002   1.939782029534   5.966366771431   0.741227013503  -4.680250536240   4.083832992154  -3.080612973518  -0.394650094166   0.301287345305   2.860720358101  -0.438741532524   1.117515520893   0.384942186033  -1.089629336872  -2.915311096258   0.124335587339   1.818729859174  -1.917613874258 
 -1.902788367898   0.015913718188   0.741227013503   3.477599835006   0.309589020620   0.998193422991  -1.820149238954   0.949538292279   2.418735461023   0.759300487923  -0.619241762222   4.514496583009   1.732600573379  -0.489355065437  -0.641290169674  -0.551772507036   1.139449020827  -1.244546216219 
 -2.940361824719  -3.206441831000  -4.680250536240   0.309589020620  31.921659841994  -7.066786431144   4.952688628883   0.381885586047   0.724086013080  -1.753320956094  -1.346126849983   1.836765661986   0.867791818576   0.811627107190   1.786416891448  -0.659905450156  -2.130365750306   3.572487266048 
 -0.997106530596   1.718674278137   4.083832992154   0.998193422991  -7.066786431144  17.163728715286 -16.832785938805   3.671711794345  -0.170426323495   3.683137207442   0.872966136765   7.959284478976  -0.346426566320  -1.296901086250  -1.539582491114   0.711313179110   3.053825192016 -13.663153976890 
 -0.302970346403  -1.593963043658  -3.080612973518  -1.820149238954   4.952688628883 -16.832785938805  27.199697413840  -1.075995488227  -0.381160536757  -6.019880674836  -0.891202260960   1.831896470711   2.358610457293   2.320098902347   3.243825134010  -0.832639346924  -4.049760045870  18.151323068059 
 -2.605718878165   0.555448880228  -0.394650094166   0.949538292279   0.381885586047   3.671711794345  -1.075995488227   6.439695755210   2.820942902151   0.416625727946  -1.198572667046   8.303982600450   2.482322425979  -0.391111022410   0.228088845516  -0.702706620750   0.819990860082  -0.820943632444 
 -3.893110366473  -0.357755940584   0.301287345305   2.418735461023   0.724086013080  -0.170426323495  -0.381160536757   2.820942902151   9.213222531856  -0.116057165569  -4.372505915371   6.176745238063   3.693644998467  -0.298248780624   0.176098227115  -2.407394273541   1.941022022540  -0.564342762629 
 -0.670519672468   0.565247996029   2.860720358101   0.759300487923  -1.753320956094   3.683137207442  -6.019880674836   0.416625727946  -0.116057165569   4.795452399043  -0.629538250745   2.197607783031   0.404888024298  -1.121710118984  -3.454815361315   0.442500831698   1.879321147974  -4.206047243468 
  3.484562744372   0.948662146810  -0.438741532524  -0.619241762222  -1.346126849983   0.872966136765  -0.891202260960  -1.198572667046  -4.372505915371  -0.629538250745   5.278273896325  -5.137118437561  -2.875902993580   0.185502427595  -0.345289907091   1.526282927189  -0.820986226193  -0.120790338492 
-20.828220064391   0.174219395661   1.117515520894   4.514496583009   1.836765661986   7.959284478976   1.831896470711   8.303982600450   6.176745238063   2.197607783031  -5.137118437561  73.605555765655  19.532739167970  -5.984353578424   0.178094188907  -4.117332153629   3.526837817735  -3.067691160612 
 -6.857673632797  -0.929654608225   0.384942186033   1.732600573379   0.867791818576  -0.346426566320   2.358610457293   2.482322425979   3.693644998467   0.404888024298  -2.875902993580  19.532739167970   7.134698403874  -1.678048170910  -0.227285752001  -1.142842366445   3.861956755302   1.505271820798 
  2.462969775291  -0.326640427144  -1.089629336872  -0.489355065437   0.811627107190  -1.296901086250   2.320098902347  -0.391111022410  -0.298248780624  -1.121710118984   0.185502427595  -5.984353578424  -1.678048170910   1.911883075876   0.860968477205   0.076849149091  -1.141773798974   1.762942384916 
 -0.242235561636  -0.760368886926  -2.915311096258  -0.641290169674   1.786416891448  -1.539582491114   3.243825134010   0.228088845516   0.176098227115  -3.454815361315  -0.345289907091   0.178094188907  -0.227285752001   0.860968477205   9.441164155519  -1.352866342259 -10.122851360608   0.329936108871 
  1.798419139250   0.298485050553   0.124335587339  -0.551772507036  -0.659905450156   0.711313179110  -0.832639346924  -0.702706620750  -2.407394273541   0.442500831698   1.526282927189  -4.117332153629  -1.142842366445   0.076849149091  -1.352866342259   3.667553899887   4.439632784344   0.057238036434 
 -0.420892367132   1.066743163189   1.818729859174   1.139449020827  -2.130365750306   3.053825192016  -4.049760045870   0.819990860082   1.941022022540   1.879321147974  -0.820986226193   3.526837817735   3.861956755302  -1.141773798974 -10.122851360608   4.439632784344  46.250550572164   0.306607312420 
  0.891049726356  -0.414556247546  -1.917613874258  -1.244546216219   3.572487266048 -13.663153976890  18.151323068059  -0.820943632444  -0.564342762629  -4.206047243468  -0.120790338492  -3.067691160612   1.505271820798   1.762942384916   0.329936108871   0.057238036434   0.306607312420  17.054860765018 

-86.295092338990  -3.585563177872   4.055526098076  21.631135274577  11.407987134402  25.726687752214   5.390649377625  39.288353679211  52.094192559492   8.121396818521 -35.109796916509 274.742676273353  80.034506981741 -21.632779603813   2.377364346850 -23.067116155302  17.369050292191 -13.033130809654 

CG
  5.920953478799   0.409193414980  -0.058521195089  -1.622430593848  -1.945948325382  -0.003209185514  -0.042268832407  -2.050083329641  -3.702960763578   0.110258050011   2.868896694096 -15.996567414783  -5.543016775518   0.761115392360  -0.548465270831   1.691107639075  -0.527766149828  -0.179501246299 
  0.409193414980   1.684197680414   1.403507461461   0.001054238346  -2.277172276928   1.631523694704  -1.548390148911   1.081700452218  -0.126174112511   0.616264816138   0.601135915784   1.005349772483  -0.761115392360   0.197151607181  -1.174409673304  -0.132404771948   0.528013541969   0.951344530462 
 -0.058521195089   1.403507461461   5.768486862023   0.533075435200  -5.474682369275   3.069384216721  -3.604725319740  -0.351836882604   0.705613596475   2.636819377610  -0.690167917052   0.896397539706   0.548465270831  -1.174409673304  -2.142857935385   0.157449699816   0.823983435923  -1.671357650039 
 -1.622430593848   0.001054238346   0.533075435200   2.548458177949  -0.381925884990   1.320540499679  -1.516386431379   0.598760299262   1.303541974696   0.204682248023  -0.305432147347   4.199912913563   1.691107639075   0.132404771948  -0.157449699816  -0.812328477912   0.778251184017  -1.084869889882 
 -1.945948325382  -2.277172276928  -5.474682369275  -0.381925884990  28.973405428460  -3.274347074479   4.379741075905   0.915015049538   0.643807259099  -1.228512606967   0.212321203785   3.240191888948   0.527766149828   0.528013541969   0.823983435923  -0.778251184017  -1.441286543496   3.751201367829 
 -0.003209185514   1.631523694704   3.069384216721   1.320540499679  -3.274347074479  15.546775081912 -14.089428426515   2.597873130497  -1.273684014779   3.658494942597   1.379119432965   6.997702601694   0.179501246299   0.951344530462  -1.671357650039   1.084869889882   3.751201367829  -6.767736859181 
 -0.042268832407  -1.548390148911  -3.604725319740  -1.516386431379   4.379741075905 -14.089428426515  22.059190048603   0.000000000000   0.000000000000  -6.265360765388   0.000000000000   0.000000000000  -0.042268832407   1.548390148911   3.604725319740  -1.516386431379  -4.379741075905  14.089428426515 
 -2.050083329641   1.081700452218  -0.351836882604   0.598760299262   0.915015049538   2.597873130497   0.000000000000   6.425405081336   2.420289158661   0.000000000000  -0.417314066263   7.298429397448   2.050083329641   1.081700452218  -0.351836882604  -0.598760299262   0.915015049538   2.597873130497 
 -3.702960763578  -0.126174112511   0.705613596475   1.303541974696   0.643807259099  -1.273684014779   0.000000000000   2.420289158661   6.045951263350  -0.000000000000  -2.953477433609   4.394959563734   3.702960763578  -0.126174112511   0.705613596475  -1.303541974696   0.643807259099  -1.273684014779 
  0.110258050011   0.616264816138   2.636819377610   0.204682248023  -1.228512606967   3.658494942597  -6.265360765388   0.000000000000  -0.000000000000   4.234603506974   0.000000000000  -0.000000000000   0.110258050011  -0.616264816138  -2.636819377610   0.204682248023   1.228512606967  -3.658494942597 
  2.868896694096   0.601135915784  -0.690167917052  -0.305432147347   0.212321203785   1.379119432965   0.000000000000  -0.417314066263  -2.953477433609   0.000000000000   5.648657875423  -4.484316659349  -2.868896694096   0.601135915784  -0.690167917052   0.305432147347   0.212321203785   1.379119432965 
-15.996567414783   1.005349772483   0.896397539706   4.199912913563   3.240191888948   6.997702601694   0.000000000000   7.298429397448   4.394959563734  -0.000000000000  -4.484316659349  64.599622185104  15.996567414783   1.005349772483   0.896397539706  -4.199912913563   3.240191888948   6.997702601694 
 -5.543016775518  -0.761115392360   0.548465270831   1.691107639075   0.527766149828   0.179501246299  -0.042268832407   2.050083329641   3.702960763578   0.110258050011  -2.868896694096  15.996567414783   5.920953478799  -0.409193414980   0.058521195089  -1.622430593848   1.945948325382   0.003209185514 
  0.761115392360   0.197151607181  -1.174409673304   0.132404771948   0.528013541969   0.951344530462   1.548390148911   1.081700452218  -0.126174112511  -0.616264816138   0.601135915784   1.005349772483  -0.409193414980   1.684197680414   1.403507461461  -0.001054238346  -2.277172276928   1.631523694704 
 -0.548465270831  -1.174409673304  -2.142857935385  -0.157449699816   0.823983435923  -1.671357650039   3.604725319740  -0.351836882604   0.705613596475  -2.636819377610  -0.690167917052   0.896397539706   0.058521195089   1.403507461461   5.768486862023  -0.533075435200  -5.474682369275   3.069384216721 
  1.691107639075  -0.132404771948   0.157449699816  -0.812328477912  -0.778251184017   1.084869889882  -1.516386431379  -0.598760299262  -1.303541974696   0.204682248023   0.305432147347  -4.199912913563  -1.622430593848  -0.001054238346  -0.533075435200   2.548458177949   0.381925884990  -1.320540499679 
 -0.527766149828   0.528013541969   0.823983435923   0.778251184017  -1.441286543496   3.751201367829  -4.379741075905   0.915015049538   0.643807259099   1.228512606967   0.212321203785   3.240191888948   1.945948325382  -2.277172276928  -5.474682369275   0.381925884990  28.973405428460  -3.274347074479 
 -0.179501246299   0.951344530462  -1.671357650039  -1.084869889882   3.751201367829  -6.767736859181  14.089428426515   2.597873130497  -1.273684014779  -3.658494942597   1.379119432965   6.997702601694   0.003209185514   1.631523694704   3.069384216721  -1.320540499679  -3.274347074479  15.546775081912 

-66.569187134541   1.404118647796   5.231096484703  16.439977062004  14.475914363753  19.934410668381   0.000000000000  35.281455767296  34.544695541194   0.000000000000 -25.071653712043 230.986323306029  66.569187134541   1.404118647796   5.231096484703 -16.439977062004  14.475914363753  19.934410668381 

CT
  8.428569271271   1.033375221810  -0.511783590576  -1.457727779255  -1.230360957272   0.806538514883  -3.019249479677  -1.582297283228  -3.550978113550  -1.660776809859   3.298963587018 -20.722372304170  -7.689547042556   2.715159669573   0.434940347814   1.576310268974  -0.721144213554  -0.586544057224 
  1.033375221810   2.149067705546   1.488933079894   0.215186760967  -3.217545206165   1.283355124556  -1.746814267710  -0.167417108483   0.098540151364   0.121381589756   1.407188157278  -0.685879384500  -0.969420559897  -0.192838297561  -0.525496272714  -0.007806847379   1.011494568686  -0.143795527877 
 -0.511783590576   1.488933079894   6.461344982507   0.214041054587  -5.870434053088   3.608095955852  -2.482384751440  -0.835901150397  -0.806911199005   3.522819646878  -0.808439536685   1.646785739549   0.749146081689  -1.679264429415  -3.168182122451   0.400680159279   1.164812306273  -1.738341011661 
 -1.457727779255   0.215186760967   0.214041054587   3.770550815861   0.179434310118   1.693874021288  -2.454160218739   0.697456441944   2.832391427781   0.057660473222   0.134611586904   4.384075084802   1.740405764304  -0.075582282675  -0.158133076675  -1.605210928488   1.448413307362  -1.431705314329 
 -1.230360957272  -3.217545206165  -5.870434053088   0.179434310118  30.754274128781  -3.447801519689   4.154776430224   1.207310646362   0.983847011710  -1.671177539133  -1.946872589978   1.163233154398   0.524913846652   0.819211038441   1.943751641932  -0.703379496032  -2.145981083340   2.790709060483 
  0.806538514883   1.283355124556   3.608095955852   1.693874021288  -3.447801519689  16.939057575932 -17.714640929186   3.085030387071   0.353698166711   3.281009758967   0.035299962983   4.756814557700  -1.394983462754   0.446362023898  -0.458936399228  -0.029374403326   2.079390300870 -13.416569842361 
 -3.019249479677  -1.746814267710  -2.482384751440  -2.454160218739   4.154776430224 -17.714640929186  30.771022220566  -1.018384546573  -2.179828087138  -4.971865864244  -0.063628085277   6.892406244322   4.559734195602   0.600024465341   1.999158445016   0.390413616105  -3.803765537815  19.917527033228 
 -1.582297283228  -0.167417108483  -0.835901150397   0.697456441944   1.207310646362   3.085030387071  -1.018384546573   6.898349171901   3.113863669438  -0.254098149698  -1.963210484842   5.435531618773   2.091316317399   1.261483051624   0.379519617683  -0.732801949796   0.315580230821  -0.009460293681 
 -3.550978113550   0.098540151364  -0.806911199005   2.832391427781   0.983847011710   0.353698166711  -2.179828087138   3.113863669438  10.118271333680  -1.312308101304  -3.525053578648   5.609375288544   3.429148329896   0.070778213214   1.333215900375  -2.789604830477   2.003300822909  -1.467445021639 
 -1.660776809859   0.121381589756   3.522819646878   0.057660473222  -1.671177539133   3.281009758967  -4.971865864244  -0.254098149698  -1.312308101304   6.064856208592  -1.131796226872   3.979373522598   1.137573869429  -1.615607846636  -3.809967992794  -0.425531886500   1.314666099384  -3.898151230634 
  3.298963587018   1.407188157278  -0.808439536685   0.134611586904  -1.946872589978   0.035299962983  -0.063628085277  -1.963210484842  -3.525053578648  -1.131796226872   6.314757897581  -4.132336810329  -2.520479550408   0.092806888090  -0.370346736131   0.992333246495  -0.443130372694   1.474908624896 
-20.722372304170  -0.685879384500   1.646785739549   4.384075084802   1.163233154398   4.756814557700   6.892406244322   5.435531618773   5.609375288544   3.979373522598  -4.132336810329  71.187770867748  20.846696541780  -5.094251412619  -0.602489024984  -3.577593634334   3.664081336989  -0.110556721419 
 -7.689547042556  -0.969420559897   0.749146081689   1.740405764304   0.524913846652  -1.394983462754   4.559734195602   2.091316317399   3.429148329896   1.137573869429  -2.520479550408  20.846696541780   8.019355313524  -1.872855496003  -0.289666215446  -1.564077848843   1.274195598063   2.376861282047 
  2.715159669573  -0.192838297561  -1.679264429415  -0.075582282675   0.819211038441   0.446362023898   0.600024465341   1.261483051624   0.070778213214  -1.615607846636   0.092806888090  -5.094251412619  -1.872855496003   2.280194949727   1.483969113818  -0.192244931336  -1.094215671166   1.068043232492 
  0.434940347814  -0.525496272714  -3.168182122451  -0.158133076675   1.943751641932  -0.458936399228   1.999158445016   0.379519617683   1.333215900375  -3.809967992794  -0.370346736131  -0.602489024984  -0.289666215446   1.483969113818   4.572006272071  -0.648126732792  -5.162059677538   0.896852560178 
  1.576310268974  -0.007806847379   0.400680159279  -1.605210928488  -0.703379496032  -0.029374403326   0.390413616105  -0.732801949796  -2.789604830477  -0.425531886500   0.992333246495  -3.577593634334  -1.564077848843  -0.192244931336  -0.648126732792   4.237678665719   2.676683198707   0.483693511469 
 -0.721144213554   1.011494568686   1.164812306273   1.448413307362  -2.145981083340   2.079390300870  -3.803765537815   0.315580230821   2.003300822909   1.314666099384  -0.443130372694   3.664081336989   1.274195598063  -1.094215671166  -5.162059677538   2.676683198707  33.144301085148  -2.184689117854 
 -0.586544057224  -0.143795527877  -1.738341011661  -1.431705314329   2.790709060483 -13.416569842361  19.917527033228  -0.009460293681  -1.467445021639  -3.898151230634   1.474908624896  -0.110556721419   2.376861282047   1.068043232492   0.896852560178   0.483693511469  -2.184689117854  17.919864736508 

-86.772185925540  -6.559176240771   3.974097878689  20.532582641694  10.393798983046  14.877160136883  21.277433930291  29.215822623563  50.685242981202  11.650222878087 -30.347918942749 265.847981309406  84.820263043886 -19.720791354362   1.744113835796 -20.243853181796  15.884464779274  -4.330050778664 

GA
  6.833430196087   1.650923265465   0.318938675031  -1.569393761363  -2.867686663807  -0.926092020257   1.917264220152  -2.289196997072  -4.315191961680   0.401911336977   2.638565571631 -18.210627534421  -6.604923064366   1.282181664179   0.039137225111   1.864270431290  -0.882235146304   0.574893752847 
  1.650923265465   2.015020017613   1.373560491070   0.017180386001  -1.453354952971   1.860210909302  -2.162435937634  -0.883895158095  -0.317714608917   1.568788158387   0.085981655965  -6.799099541225  -2.250977685273  -0.583775437598  -0.908134618857   0.707848769097   0.835853141566  -2.043321093367 
  0.318938675031   1.373560491070   8.506462157114   0.802404678828  -8.330540041784   1.175552354294  -3.060307823656   0.462525380627  -0.343954472503   3.324980436599  -0.145342997813   0.035587687145  -0.045644687940  -0.608015423516  -2.729858412525   0.475081646943   1.547811627808  -1.513477302193 
 -1.569393761363   0.017180386001   0.802404678828   3.533317401435  -2.933445024269  -0.223227776566   0.144529695442   1.592343559321   2.672613450928  -0.049711871418  -1.292031244213   5.260564939799   1.881161818064  -0.141202414154  -0.230490064717  -1.293000123968   0.957954922468   0.913218343945 
 -2.867686663807  -1.453354952971  -8.330540041784  -2.933445024269  40.338965254912  -2.002281495637   2.404374733978   0.232387555117   1.964855382009  -1.111894627029  -0.006554624197   1.624637002150   0.147809163546   0.870338855999   1.293140894314  -1.316621303666  -2.314716514109   1.446309055170 
 -0.926092020257   1.860210909302   1.175552354294  -0.223227776566  -2.002281495637  16.908903378032 -16.854955486533  -1.530162933161   0.011807481061   4.964708488549   0.513483121142  -6.404852781403  -0.236361981230  -1.545554135208  -1.403431789225   1.675650770364   2.068819738053 -14.331257717281 
  1.917264220152  -2.162435937634  -3.060307823656   0.144529695442   2.404374733978 -16.854955486533  25.859127483241   0.979064136643   0.184037347922  -6.499924093785   0.736901483648  -1.706708604958  -1.263118178292   1.884726323476   2.549847658559  -1.789622675066  -3.626602429835  17.311809148116 
 -2.289196997072  -0.883895158095   0.462525380627   1.592343559321   0.232387555117  -1.530162933161   0.979064136643   6.436635576507   3.610404440702  -0.430504494513  -1.563549883901   7.710875945110   2.499115273161  -0.068195787623  -0.728275863151  -0.741852285461   0.658178201359   3.460936260162 
 -4.315191961680  -0.317714608917  -0.343954472503   2.672613450928   1.964855382009   0.011807481061   0.184037347922   3.610404440702   9.912902788047  -0.530927097896  -4.830499252177   7.159845128023   4.075952569085  -0.576298243626   0.277949495588  -2.866886200804   1.060356207277   0.009446623144 
  0.401911336977   1.568788158387   3.324980436599  -0.049711871418  -1.111894627029   4.964708488549  -6.499924093785  -0.430504494513  -0.530927097896   5.558039090895   1.060009760010  -2.367977685883  -0.686342000445  -0.679787404748  -3.031595135787   1.286479277163   1.126222993867  -4.769296068332 
  2.638565571631   0.085981655965  -0.145342997813  -1.292031244213  -0.006554624197   0.513483121142   0.736901483648  -1.563549883901  -4.830499252177   1.060009760010   5.720025879808  -4.896445099912  -3.115160313892   0.808147810737  -0.448321587967   0.880995417954  -0.824694901535   0.874606740898 
-18.210627534421  -6.799099541225   0.035587687145   5.260564939799   1.624637002150  -6.404852781403  -1.706708604958   7.710875945110   7.159845128023  -2.367977685883  -4.896445099912  71.637934851737  19.349360049325  -0.291858027625   0.155504374724  -4.956540198118   2.187633101828   7.279496114911 
 -6.604923064366  -2.250977685273  -0.045644687940   1.881161818064   0.147809163546  -0.236361981230  -1.263118178292   2.499115273161   4.075952569085  -0.686342000445  -3.115160313892  19.349360049325   7.251785763162  -0.782540248445   0.372922924210  -1.680903774681   1.190988679369  -0.463298646623 
  1.282181664179  -0.583775437598  -0.608015423516  -0.141202414154   0.870338855999  -1.545554135208   1.884726323476  -0.068195787623  -0.576298243626  -0.679787404748   0.808147810737  -0.291858027625  -0.782540248445   1.855491916378   0.630943988329  -0.362222958311  -0.420025764925   1.639643825584 
  0.039137225111  -0.908134618857  -2.729858412525  -0.230490064717   1.293140894314  -1.403431789225   2.549847658559  -0.728275863151   0.277949495588  -3.031595135787  -0.448321587967   0.155504374724   0.372922924210   0.630943988329   4.405431262864   0.243703566675  -0.791415380647   0.476615833639 
  1.864270431290   0.707848769097   0.475081646943  -1.293000123968  -1.316621303666   1.675650770364  -1.789622675066  -0.741852285461  -2.866886200804   1.286479277163   0.880995417954  -4.956540198118  -1.680903774681  -0.362222958311   0.243703566675   4.803248391454  -2.741682336980  -1.571228975248 
 -0.882235146304   0.835853141566   1.547811627808   0.957954922468  -2.314716514109   2.068819738053  -3.626602429835   0.658178201359   1.060356207277   1.126222993867  -0.824694901535   2.187633101828   1.190988679369  -0.420025764925  -0.791415380647  -2.741682336980  29.330768735791   1.290794454734 
  0.574893752847  -2.043321093367  -1.513477302193   0.913218343945   1.446309055170 -14.331257717281  17.311809148116   3.460936260162   0.009446623144  -4.769296068332   0.874606740898   7.279496114911  -0.463298646623   1.639643825584   0.476615833639  -1.571228975248   1.290794454734  17.189478490125 

-77.862051265671 -25.047174013799  -0.994089279526  27.716295007794  11.837172548543 -23.115977746709  -5.399995448610  39.792376849164  58.537718696516 -11.835754704275 -34.923120647536 271.552533996510  81.274293567426  -5.272705051294   2.341010371141 -25.773339533040  11.800376103892  25.594976217560 

GC
  8.273786272230   1.383863537406  -0.048739730543  -1.272897219168  -2.199109757700  -1.358903792606   1.409163621216  -2.992877381714  -3.213561506083  -0.473383596908   2.001481921052 -22.192037483489  -7.549530499508   2.518052897810   0.281567141472   1.875253280902  -0.432948742514   1.497845697998 
  1.383863537406   1.852512085099   0.617056367638  -0.275843952831  -0.348198273166   2.064449038975  -2.755646193013  -0.563049670701   0.141337851524   1.450138234599   0.006129499293  -5.229581319579  -2.518052897810  -0.664820030931  -0.731932284913   0.036163288222   0.528950520559  -2.609367990384 
 -0.048739730543   0.617056367638   8.380321553660   0.599793256370  -7.883067499405  -0.043768195452  -2.349130856884  -0.336745917754   0.093648646746   2.893924800988  -0.173638263860  -0.313486398222  -0.281567141472  -0.731932284913  -2.685563480987   0.020825443727   1.697436481699  -1.236588810185 
 -1.272897219168  -0.275843952831   0.599793256370   3.959852976180  -3.992004019077  -0.848664638782  -0.130430841114   1.115681302889   2.384569182605  -0.090936027901  -0.563457186188   3.838777769012   1.875253280902  -0.036163288222  -0.020825443727  -1.118021505952   1.582631209907   0.303526525441 
 -2.199109757700  -0.348198273166  -7.883067499405  -3.992004019077  43.537647985240   2.806587361524   3.646729965313   0.438461555519   1.479783714644  -0.968574289483  -0.572443008877   2.194585749844   0.432948742514   0.528950520559   1.697436481699  -1.582631209907  -3.462842034216   1.645940567377 
 -1.358903792606   2.064449038975  -0.043768195452  -0.848664638782   2.806587361524  17.345711769508 -19.391296636723   0.569037170018   0.420360899659   3.191834307130  -0.067660736379  -1.673796926480  -1.497845697998  -2.609367990384  -1.236588810185  -0.303526525441   1.645940567377 -14.963303346311 
  1.409163621216  -2.755646193013  -2.349130856884  -0.130430841114   3.646729965313 -19.391296636723  29.317644968664   0.000000000000  -0.000000000000  -5.475134842878  -0.000000000000   0.000000000000   1.409163621216   2.755646193013   2.349130856884  -0.130430841114  -3.646729965313  19.391296636723 
 -2.992877381714  -0.563049670701  -0.336745917754   1.115681302889   0.438461555519   0.569037170018   0.000000000000   6.213847290284   2.648932053729   0.000000000000   0.138690484460   9.988551028173   2.992877381714  -0.563049670701  -0.336745917754  -1.115681302889   0.438461555519   0.569037170018 
 -3.213561506083   0.141337851524   0.093648646746   2.384569182605   1.479783714644   0.420360899659  -0.000000000000   2.648932053729   8.483263025878  -0.000000000000  -2.924997115361   4.361697890924   3.213561506083   0.141337851524   0.093648646746  -2.384569182605   1.479783714644   0.420360899659 
 -0.473383596908   1.450138234599   2.893924800988  -0.090936027901  -0.968574289483   3.191834307130  -5.475134842878   0.000000000000  -0.000000000000   4.729235795210   0.000000000000  -0.000000000000  -0.473383596908  -1.450138234599  -2.893924800988  -0.090936027901   0.968574289483  -3.191834307130 
  2.001481921052   0.006129499293  -0.173638263860  -0.563457186188  -0.572443008877  -0.067660736379  -0.000000000000   0.138690484460  -2.924997115361   0.000000000000   5.072717070672  -1.803341676835  -2.001481921052   0.006129499293  -0.173638263860   0.563457186188  -0.572443008877  -0.067660736379 
-22.192037483489  -5.229581319579  -0.313486398222   3.838777769012   2.194585749844  -1.673796926480   0.000000000000   9.988551028173   4.361697890924  -0.000000000000  -1.803341676835  78.163555915654  22.192037483489  -5.229581319579  -0.313486398222  -3.838777769012   2.194585749844  -1.673796926480 
 -7.549530499508  -2.518052897810  -0.281567141472   1.875253280902   0.432948742514  -1.497845697998   1.409163621216   2.992877381714   3.213561506083  -0.473383596908  -2.001481921052  22.192037483489   8.273786272230  -1.383863537406   0.048739730543  -1.272897219168   2.199109757700   1.358903792606 
  2.518052897810  -0.664820030931  -0.731932284913  -0.036163288222   0.528950520559  -2.609367990384   2.755646193013  -0.563049670701   0.141337851524  -1.450138234599   0.006129499293  -5.229581319579  -1.383863537406   1.852512085099   0.617056367638   0.275843952831  -0.348198273166   2.064449038975 
  0.281567141472  -0.731932284913  -2.685563480987  -0.020825443727   1.697436481699  -1.236588810185   2.349130856884  -0.336745917754   0.093648646746  -2.893924800988  -0.173638263860  -0.313486398222   0.048739730543   0.617056367638   8.380321553660  -0.599793256370  -7.883067499405  -0.043768195452 
  1.875253280902   0.036163288222   0.020825443727  -1.118021505952  -1.582631209907  -0.303526525441  -0.130430841114  -1.115681302889  -2.384569182605  -0.090936027901   0.563457186188  -3.838777769012  -1.272897219168   0.275843952831  -0.599793256370   3.959852976180   3.992004019077   0.848664638782 
 -0.432948742514   0.528950520559   1.697436481699   1.582631209907  -3.462842034216   1.645940567377  -3.646729965313   0.438461555519   1.479783714644   0.968574289483  -0.572443008877   2.194585749844   2.199109757700  -0.348198273166  -7.883067499405   3.992004019077  43.537647985240   2.806587361524 
  1.497845697998  -2.609367990384  -1.236588810185   0.303526525441   1.645940567377 -14.963303346311  19.391296636723   0.569037170018   0.420360899659  -3.191834307130  -0.067660736379  -1.673796926480   1.358903792606   2.064449038975  -0.043768195452   0.848664638782   2.806587361524  17.345711769508 

-88.221051179022 -17.903746472860  -0.353597368011  21.105733729700  13.048079095348  -2.905506788208   0.000000000000  42.262190743666  41.692468924418   0.000000000000 -17.188945703135 284.572168733405  88.221051179022 -17.903746472860  -0.353597368011 -21.105733729700  13.048079095348  -2.905506788208 

GG
  7.134698403874   1.678048170910   0.227285752001  -1.142842366445  -3.861956755302  -1.505271820798   2.358610457293  -2.482322425979  -3.693644998467   0.404888024298   2.875902993580 -19.532739167970  -6.857673632797   0.929654608225  -0.384942186033   1.732600573379  -0.867791818576   0.346426566320 
  1.678048170910   1.911883075876   0.860968477205  -0.076849149091  -1.141773798974   1.762942384916  -2.320098902347  -0.391111022410  -0.298248780624   1.121710118984   0.185502427595  -5.984353578424  -2.462969775291  -0.326640427144  -1.089629336872   0.489355065437   0.811627107190  -1.296901086250 
  0.227285752001   0.860968477205   9.441164155519   1.352866342259 -10.122851360608   0.329936108871  -3.243825134010   0.228088845516   0.176098227115   3.454815361315  -0.345289907091   0.178094188907   0.242235561636  -0.760368886926  -2.915311096258   0.641290169674   1.786416891448  -1.539582491114 
 -1.142842366445  -0.076849149091   1.352866342259   3.667553899887  -4.439632784344  -0.057238036434  -0.832639346924   0.702706620750   2.407394273541   0.442500831698  -1.526282927189   4.117332153629   1.798419139250  -0.298485050553  -0.124335587339  -0.551772507036   0.659905450156  -0.711313179110 
 -3.861956755302  -1.141773798974 -10.122851360608  -4.439632784344  46.250550572164   0.306607312420   4.049760045870   0.819990860082   1.941022022540  -1.879321147974  -0.820986226193   3.526837817735   0.420892367132   1.066743163189   1.818729859174  -1.139449020827  -2.130365750306   3.053825192016 
 -1.505271820798   1.762942384916   0.329936108871  -0.057238036434   0.306607312420  17.054860765018 -18.151323068059  -0.820943632444  -0.564342762629   4.206047243468  -0.120790338492  -3.067691160612  -0.891049726356  -0.414556247546  -1.917613874258   1.244546216219   3.572487266048 -13.663153976890 
  2.358610457293  -2.320098902347  -3.243825134010  -0.832639346924   4.049760045870 -18.151323068059  27.199697413840   1.075995488227   0.381160536757  -6.019880674836   0.891202260960  -1.831896470711  -0.302970346403   1.593963043658   3.080612973518  -1.820149238954  -4.952688628883  16.832785938805 
 -2.482322425979  -0.391111022410   0.228088845516   0.702706620750   0.819990860082  -0.820943632444   1.075995488227   6.439695755210   2.820942902151  -0.416625727946  -1.198572667046   8.303982600450   2.605718878165   0.555448880228  -0.394650094166  -0.949538292279   0.381885586047   3.671711794345 
 -3.693644998467  -0.298248780624   0.176098227115   2.407394273541   1.941022022540  -0.564342762629   0.381160536757   2.820942902151   9.213222531856   0.116057165569  -4.372505915371   6.176745238063   3.893110366473  -0.357755940584   0.301287345305  -2.418735461023   0.724086013080  -0.170426323495 
  0.404888024298   1.121710118984   3.454815361315   0.442500831698  -1.879321147974   4.206047243468  -6.019880674836  -0.416625727946   0.116057165569   4.795452399043   0.629538250745  -2.197607783031  -0.670519672468  -0.565247996029  -2.860720358101   0.759300487923   1.753320956094  -3.683137207442 
  2.875902993580   0.185502427595  -0.345289907091  -1.526282927189  -0.820986226193  -0.120790338492   0.891202260960  -1.198572667046  -4.372505915371   0.629538250745   5.278273896325  -5.137118437561  -3.484562744372   0.948662146810  -0.438741532524   0.619241762222  -1.346126849983   0.872966136765 
-19.532739167970  -5.984353578424   0.178094188907   4.117332153629   3.526837817735  -3.067691160612  -1.831896470711   8.303982600450   6.176745238063  -2.197607783031  -5.137118437561  73.605555765655  20.828220064391   0.174219395661   1.117515520894  -4.514496583009   1.836765661986   7.959284478976 
 -6.857673632797  -2.462969775291   0.242235561636   1.798419139250   0.420892367132  -0.891049726356  -0.302970346403   2.605718878165   3.893110366473  -0.670519672468  -3.484562744372  20.828220064391   7.933911348869  -0.694422916808  -0.285422154002  -1.902788367898   2.940361824719   0.997106530596 
  0.929654608225  -0.326640427144  -0.760368886926  -0.298485050553   1.066743163189  -0.414556247546   1.593963043658   0.555448880228  -0.357755940584  -0.565247996029   0.948662146810   0.174219395661  -0.694422916808   1.923500160125   1.939782029534  -0.015913718188  -3.206441831000   1.718674278137 
 -0.384942186033  -1.089629336872  -2.915311096258  -0.124335587339   1.818729859174  -1.917613874258   3.080612973518  -0.394650094166   0.301287345305  -2.860720358101  -0.438741532524   1.117515520893  -0.285422154002   1.939782029534   5.966366771431  -0.741227013503  -4.680250536240   4.083832992154 
  1.732600573379   0.489355065437   0.641290169674  -0.551772507036  -1.139449020827   1.244546216219  -1.820149238954  -0.949538292279  -2.418735461023   0.759300487923   0.619241762222  -4.514496583009  -1.902788367898  -0.015913718188  -0.741227013503   3.477599835006  -0.309589020620  -0.998193422991 
 -0.867791818576   0.811627107190   1.786416891448   0.659905450156  -2.130365750306   3.572487266048  -4.952688628883   0.381885586047   0.724086013080   1.753320956094  -1.346126849983   1.836765661986   2.940361824719  -3.206441831000  -4.680250536240  -0.309589020620  31.921659841994  -7.066786431144 
  0.346426566320  -1.296901086250  -1.539582491114  -0.711313179110   3.053825192016 -13.663153976890  16.832785938805   3.671711794345  -0.170426323495  -3.683137207442   0.872966136765   7.959284478976   0.997106530596   1.718674278137   4.083832992154  -0.998193422991  -7.066786431144  17.163728715286 

-80.034506981741 -21.632779603813   2.377364346850  23.067116155302  17.369050292191 -13.033130809654  -5.390649377625  39.288353679211  52.094192559492  -8.121396818521 -35.109796916509 274.742676273353  86.295092338990  -3.585563177872   4.055526098076 -21.631135274577  11.407987134402  25.726687752214 

GT
  8.808644618439   1.265240548423  -0.769454067701  -1.478976203998  -0.244971788293  -1.511268764730   0.520495841896  -2.030400696905  -3.115035321106  -1.492612414362   2.350302404191 -22.739725432500  -8.204641881073   2.850334473797   0.800666419258   1.511447604227  -0.663172063092   1.468479553329 
  1.265240548423   1.828976361511   0.660731090466  -0.166289092819  -0.848627476448   1.874625352718  -2.738639374218  -1.223084434173  -0.001947560618   1.111314999428   0.336128462327  -5.111008837000  -2.405919991654  -0.730274461083  -0.646085882738   0.190884566902   0.545263214918  -2.454865092425 
 -0.769454067701   0.660731090466   9.170614969666   0.983797412856 -10.259748108426   0.283912630557  -2.017535619609  -0.785028286705  -0.574588833164   3.257892829724  -0.710865796937   0.645912713548   0.201859131340  -0.991685414411  -3.082245733243   0.422388508354   1.260833231115  -1.371773093260 
 -1.478976203998  -0.166289092819   0.983797412856   4.101975345617  -4.174822277474  -0.416491812068  -1.281889409213   1.382383549588   3.294532180585  -0.207479656815  -0.665174560126   4.956405403638   1.834955896631  -0.244167111302   0.184928614457  -0.755478908057   1.211586036756  -0.652744799975 
 -0.244971788293  -0.848627476448 -10.259748108426  -4.174822277474  41.394128422184   1.832495909921   4.372585124085   0.936308104607   1.486506298321  -1.150323778428  -1.429586200446   1.021501169466  -0.024737499393   0.837325558624   1.655376747437  -1.122164925774  -3.416290329870   1.253915180021 
 -1.511268764730   1.874625352718   0.283912630557  -0.416491812068   1.832495909921  19.114114236367 -21.471838724751   0.082029432042   0.780430359706   4.296332723607  -0.484319898875  -2.083199648486  -2.309148141889  -1.412673313170  -1.059929568080  -0.881778693703   0.364202893539 -17.256874376347 
  0.520495841896  -2.738639374218  -2.017535619609  -1.281889409213   4.372585124085 -21.471838724751  33.663375226285  -0.337321850880  -1.752181941031  -4.968715872135   1.364433354482   2.269439424776   2.680303665252   0.774292314768   1.724637582672   0.416973216668  -3.557813211725  22.064468917972 
 -2.030400696905  -1.223084434173  -0.785028286705   1.382383549588   0.936308104607   0.082029432042  -0.337321850880   6.902039063659   3.599024264021  -0.322297890394  -0.327259212992   7.933010350261   2.624412049790   0.520912965332  -0.050059796669  -1.696719156357   0.353183412269   1.194813399907 
 -3.115035321106  -0.001947560618  -0.574588833164   3.294532180585   1.486506298321   0.780430359706  -1.752181941031   3.599024264021  11.265690249430  -0.803991075777  -3.764752973484   4.873952845233   3.389375761792   0.048109399120   0.976046341607  -3.027914280957   2.076153163981  -0.401220732727 
 -1.492612414362   1.111314999428   3.257892829724  -0.207479656815  -1.150323778428   4.296332723607  -4.968715872135  -0.322297890394  -0.803991075777   5.055263466642  -0.538994595298   0.811946859788   0.176472602282  -1.593602269743  -3.340808924779  -0.430649656731   0.794756132947  -3.710047944813 
  2.350302404191   0.336128462327  -0.710865796937  -0.665174560126  -1.429586200446  -0.484319898875   1.364433354482  -0.327259212992  -3.764752973484  -0.538994595298   7.667335430236  -1.581271388287  -2.319728943417   0.191285064131   0.035626455698   0.570111496905  -1.316917884746   1.584059587395 
-22.739725432500  -5.111008837000   0.645912713548   4.956405403638   1.021501169466  -2.083199648486   2.269439424776   7.933010350261   4.873952845233   0.811946859788  -1.581271388287  80.006618446909  24.233276754718  -4.887787940921  -0.685356555467  -3.609359436320   3.485045842662   0.460415675993 
 -8.204641881073  -2.405919991654   0.201859131340   1.834955896631  -0.024737499393  -2.309148141889   2.680303665252   2.624412049790   3.389375761792   0.176472602282  -2.319728943417  24.233276754718   9.548984999614  -1.928204520055  -0.509010040386  -1.403028782135   1.361594347345   2.321361960197 
  2.850334473797  -0.730274461083  -0.991685414411  -0.244167111302   0.837325558624  -1.412673313170   0.774292314768   0.520912965332   0.048109399120  -1.593602269743   0.191285064131  -4.887787940921  -1.928204520055   2.070377404463   1.179186472818  -0.174566617161  -0.387073927075   1.197281436955 
  0.800666419258  -0.646085882738  -3.082245733243   0.184928614457   1.655376747437  -1.059929568080   1.724637582672  -0.050059796669   0.976046341607  -3.340808924779   0.035626455698  -0.685356555467  -0.509010040386   1.179186472818   4.514165664006  -0.457162385375  -1.840482912363   0.541799409036 
  1.511447604227   0.190884566902   0.422388508354  -0.755478908057  -1.122164925774  -0.881778693703   0.416973216668  -1.696719156357  -3.027914280957  -0.430649656731   0.570111496905  -3.609359436320  -1.403028782135  -0.174566617161  -0.457162385375   4.343017998515   2.625960638312   0.286959086476 
 -0.663172063092   0.545263214918   1.260833231115   1.211586036756  -3.416290329870   0.364202893539  -3.557813211725   0.353183412269   2.076153163981   0.794756132947  -1.316917884746   3.485045842662   1.361594347345  -0.387073927075  -1.840482912363   2.625960638312  32.637061524240  -1.053865237713 
  1.468479553329  -2.454865092425  -1.371773093260  -0.652744799975   1.253915180021 -17.256874376347  22.064468917972   1.194813399907  -0.401220732727  -3.710047944813   1.584059587395   0.460415675993   2.321361960197   1.197281436955   0.541799409036   0.286959086476  -1.053865237713  19.628322017543 

-91.969882068853 -18.377249932944   1.878503053385  27.493010168881   9.376463303680  -4.369137045369   5.991268275614  37.747081672001  51.652349703512   0.677343718387 -21.700035357937 293.995685913578  96.861418020771 -18.795483210927   0.446779857638 -21.145933114476  17.194512729062   1.753261392004 

TA
  5.781997711546   0.634094617459  -0.636845768168  -1.332564479078  -1.307730223985   0.651051947120  -0.281764830896  -2.027342484570  -3.723823817945   0.027260395945   3.250593103852 -14.982733750960  -5.496529031953   0.799348555281  -0.347411573520   1.351517451842  -0.496889536978  -0.065206026252 
  0.634094617459   1.348606078626   0.792274373224   0.556091012934   0.381492491066   1.631686303877  -1.655786528223   0.267303493310  -0.064871119553   0.773320710586   0.405335751842   0.067495771344  -0.799348555281  -0.177692027111  -1.010929158447   0.326932314326   0.610536420440   0.151105370539 
 -0.636845768168   0.792274373224   4.081829672871  -0.443530176541  -2.731105504970  -0.005669785669  -2.787608144255  -0.291845509404   0.454731235944   2.297050110050  -0.666645802055   0.670479488328   0.347411573520  -1.010929158447  -1.967628515261   0.192533034680   1.152007497813  -1.556861605380 
 -1.332564479078   0.556091012934  -0.443530176541   3.945204780697   2.708282562826   1.216800027005  -1.931807179445   0.201716175502   1.457349117081   0.505740700887  -0.331456507866   3.688741259626   1.351517451842  -0.326932314326  -0.192533034680  -0.365198575962   1.007016335057  -1.330036616723 
 -1.307730223985   0.381492491066  -2.731105504970   2.708282562826  26.655128423726   1.264942179243   3.811638420564   0.496795955017   0.550378844328  -1.241858662831  -0.446150768604   2.701601678574   0.496889536978   0.610536420440   1.152007497813  -1.007016335057  -1.222962309461   2.660249317315 
  0.651051947120   1.631686303877  -0.005669785669   1.216800027005   1.264942179243  14.858131724928 -14.114553916377   1.795916311728  -1.344689828198   3.838978277433   2.284753582622   6.352948062096   0.065206026252   0.151105370539  -1.556861605380   1.330036616723   2.660249317315  -6.459402452941 
 -0.281764830896  -1.655786528223  -2.787608144255  -1.931807179445   3.811638420564 -14.114553916377  21.395486763405   0.000000000000   0.000000000000  -5.284145058115   0.000000000000   0.000000000000  -0.281764830896   1.655786528223   2.787608144255  -1.931807179445  -3.811638420564  14.114553916377 
 -2.027342484570   0.267303493310  -0.291845509404   0.201716175502   0.496795955017   1.795916311728   0.000000000000   5.322406540999   3.284594437809  -0.000000000000  -0.202594471778   5.251230807226   2.027342484570   0.267303493310  -0.291845509404  -0.201716175502   0.496795955017   1.795916311728 
 -3.723823817945  -0.064871119553   0.454731235944   1.457349117081   0.550378844328  -1.344689828198   0.000000000000   3.284594437809   7.019320623144   0.000000000000  -3.329815626798   4.250431355137   3.723823817945  -0.064871119553   0.454731235944  -1.457349117081   0.550378844328  -1.344689828198 
  0.027260395945   0.773320710586   2.297050110050   0.505740700887  -1.241858662831   3.838978277433  -5.284145058115  -0.000000000000   0.000000000000   3.496784455177   0.000000000000   0.000000000000   0.027260395945  -0.773320710586  -2.297050110050   0.505740700887   1.241858662831  -3.838978277433 
  3.250593103852   0.405335751842  -0.666645802055  -0.331456507866  -0.446150768604   2.284753582622   0.000000000000  -0.202594471778  -3.329815626798   0.000000000000   5.137838703984  -4.237547658015  -3.250593103852   0.405335751842  -0.666645802055   0.331456507866  -0.446150768604   2.284753582622 
-14.982733750960   0.067495771344   0.670479488328   3.688741259626   2.701601678574   6.352948062096   0.000000000000   5.251230807226   4.250431355137   0.000000000000  -4.237547658015  58.691602923917  14.982733750960   0.067495771344   0.670479488328  -3.688741259626   2.701601678574   6.352948062096 
 -5.496529031953  -0.799348555281   0.347411573520   1.351517451842   0.496889536978   0.065206026252  -0.281764830896   2.027342484570   3.723823817945   0.027260395945  -3.250593103852  14.982733750960   5.781997711546  -0.634094617459   0.636845768168  -1.332564479078   1.307730223985  -0.651051947120 
  0.799348555281  -0.177692027111  -1.010929158447  -0.326932314326   0.610536420440   0.151105370539   1.655786528223   0.267303493310  -0.064871119553  -0.773320710586   0.405335751842   0.067495771344  -0.634094617459   1.348606078626   0.792274373224  -0.556091012934   0.381492491066   1.631686303877 
 -0.347411573520  -1.010929158447  -1.967628515261  -0.192533034680   1.152007497813  -1.556861605380   2.787608144255  -0.291845509404   0.454731235944  -2.297050110050  -0.666645802055   0.670479488328   0.636845768168   0.792274373224   4.081829672871   0.443530176541  -2.731105504970  -0.005669785669 
  1.351517451842   0.326932314326   0.192533034680  -0.365198575962  -1.007016335057   1.330036616723  -1.931807179445  -0.201716175502  -1.457349117081   0.505740700887   0.331456507866  -3.688741259626  -1.332564479078  -0.556091012934   0.443530176541   3.945204780697  -2.708282562826  -1.216800027005 
 -0.496889536978   0.610536420440   1.152007497813   1.007016335057  -1.222962309461   2.660249317315  -3.811638420564   0.496795955017   0.550378844328   1.241858662831  -0.446150768604   2.701601678574   1.307730223985   0.381492491066  -2.731105504970  -2.708282562826  26.655128423726   1.264942179243 
 -0.065206026252   0.151105370539  -1.556861605380  -1.330036616723   2.660249317315  -6.459402452941  14.114553916377   1.795916311728  -1.344689828198  -3.838978277433   2.284753582622   6.352948062096  -0.651051947120   1.631686303877  -0.005669785669  -1.216800027005   1.264942179243  14.858131724928 

-63.183154294261  -1.105920823082   4.353614441156  15.901461371865  10.092577708384  16.499956505707   0.000000000000  30.468199887418  37.489811581866   0.000000000000 -25.983103064400 210.106515833552  63.183154294261  -1.105920823082   4.353614441156 -15.901461371865  10.092577708384  16.499956505707 

TC
  7.251785763162   0.782540248445  -0.372922924210  -1.680903774681  -1.190988679369   0.463298646623  -1.263118178292  -2.499115273161  -4.075952569085  -0.686342000445   3.115160313892 -19.349360049325  -6.604923064366   2.250977685273   0.045644687940   1.881161818064  -0.147809163546   0.236361981230 
  0.782540248445   1.855491916378   0.630943988329   0.362222958311  -0.420025764925   1.639643825584  -1.884726323476  -0.068195787623  -0.576298243626   0.679787404748   0.808147810737  -0.291858027625  -1.282181664179  -0.583775437598  -0.608015423516   0.141202414154   0.870338855999  -1.545554135208 
 -0.372922924210   0.630943988329   4.405431262864  -0.243703566675  -0.791415380647   0.476615833639  -2.549847658559  -0.728275863151   0.277949495588   3.031595135787  -0.448321587967   0.155504374724  -0.039137225111  -0.908134618857  -2.729858412525   0.230490064717   1.293140894314  -1.403431789225 
 -1.680903774681   0.362222958311  -0.243703566675   4.803248391454   2.741682336980   1.571228975248  -1.789622675066   0.741852285461   2.866886200804   1.286479277163  -0.880995417954   4.956540198118   1.864270431290  -0.707848769097  -0.475081646943  -1.293000123968   1.316621303666  -1.675650770364 
 -1.190988679369  -0.420025764925  -0.791415380647   2.741682336980  29.330768735791   1.290794454734   3.626602429835   0.658178201359   1.060356207277  -1.126222993867  -0.824694901535   2.187633101828   0.882235146304   0.835853141566   1.547811627808  -0.957954922468  -2.314716514109   2.068819738053 
  0.463298646623   1.639643825584   0.476615833639   1.571228975248   1.290794454734  17.189478490125 -17.311809148116   3.460936260162   0.009446623144   4.769296068332   0.874606740898   7.279496114911  -0.574893752847  -2.043321093367  -1.513477302193  -0.913218343945   1.446309055170 -14.331257717281 
 -1.263118178292  -1.884726323476  -2.549847658559  -1.789622675066   3.626602429835 -17.311809148116  25.859127483241  -0.979064136643  -0.184037347922  -6.499924093785  -0.736901483648   1.706708604958   1.917264220152   2.162435937634   3.060307823656   0.144529695442  -2.404374733978  16.854955486533 
 -2.499115273161  -0.068195787623  -0.728275863151   0.741852285461   0.658178201359   3.460936260162  -0.979064136643   6.436635576507   3.610404440702   0.430504494513  -1.563549883901   7.710875945110   2.289196997072  -0.883895158095   0.462525380627  -1.592343559321   0.232387555117  -1.530162933161 
 -4.075952569085  -0.576298243626   0.277949495588   2.866886200804   1.060356207277   0.009446623144  -0.184037347922   3.610404440702   9.912902788047   0.530927097896  -4.830499252177   7.159845128023   4.315191961680  -0.317714608917  -0.343954472503  -2.672613450928   1.964855382009   0.011807481061 
 -0.686342000445   0.679787404748   3.031595135787   1.286479277163  -1.126222993867   4.769296068332  -6.499924093785   0.430504494513   0.530927097896   5.558039090895  -1.060009760010   2.367977685883   0.401911336977  -1.568788158387  -3.324980436599  -0.049711871418   1.111894627029  -4.964708488549 
  3.115160313892   0.808147810737  -0.448321587967  -0.880995417954  -0.824694901535   0.874606740898  -0.736901483648  -1.563549883901  -4.830499252177  -1.060009760010   5.720025879808  -4.896445099912  -2.638565571631   0.085981655965  -0.145342997813   1.292031244213  -0.006554624197   0.513483121142 
-19.349360049325  -0.291858027625   0.155504374724   4.956540198118   2.187633101828   7.279496114911   1.706708604958   7.710875945110   7.159845128023   2.367977685883  -4.896445099912  71.637934851737  18.210627534421  -6.799099541225   0.035587687145  -5.260564939799   1.624637002150  -6.404852781403 
 -6.604923064366  -1.282181664179  -0.039137225111   1.864270431290   0.882235146304  -0.574893752847   1.917264220152   2.289196997072   4.315191961680   0.401911336977  -2.638565571631  18.210627534421   6.833430196087  -1.650923265465  -0.318938675031  -1.569393761363   2.867686663807   0.926092020257 
  2.250977685273  -0.583775437598  -0.908134618857  -0.707848769097   0.835853141566  -2.043321093367   2.162435937634  -0.883895158095  -0.317714608917  -1.568788158387   0.085981655965  -6.799099541225  -1.650923265465   2.015020017613   1.373560491070  -0.017180386001  -1.453354952971   1.860210909302 
  0.045644687940  -0.608015423516  -2.729858412525  -0.475081646943   1.547811627808  -1.513477302193   3.060307823656   0.462525380627  -0.343954472503  -3.324980436599  -0.145342997813   0.035587687145  -0.318938675031   1.373560491070   8.506462157114  -0.802404678828  -8.330540041784   1.175552354294 
  1.881161818064   0.141202414154   0.230490064717  -1.293000123968  -0.957954922468  -0.913218343945   0.144529695442  -1.592343559321  -2.672613450928  -0.049711871418   1.292031244213  -5.260564939799  -1.569393761363  -0.017180386001  -0.802404678828   3.533317401435   2.933445024269   0.223227776566 
 -0.147809163546   0.870338855999   1.293140894314   1.316621303666  -2.314716514109   1.446309055170  -2.404374733978   0.232387555117   1.964855382009   1.111894627029  -0.006554624197   1.624637002150   2.867686663807  -1.453354952971  -8.330540041784   2.933445024269  40.338965254912  -2.002281495637 
  0.236361981230  -1.545554135208  -1.403431789225  -1.675650770364   2.068819738053 -14.331257717281  16.854955486533  -1.530162933161   0.011807481061  -4.964708488549   0.513483121142  -6.404852781403   0.926092020257   1.860210909302   1.175552354294   0.223227776566  -2.002281495637  16.908903378032 

-81.274293567426  -5.272705051294   2.341010371141  25.773339533040  11.800376103892  25.594976217560   5.399995448610  39.792376849164  58.537718696516  11.835754704275 -34.923120647536 271.552533996510  77.862051265671 -25.047174013799  -0.994089279526 -27.716295007794  11.837172548543 -23.115977746709 

TG
  5.896833905119   0.555643005040  -0.788091483222  -1.132263233562  -1.052765576027   0.349737113822  -0.588613226959  -2.263451472963  -3.599543371207  -0.094062076775   2.891967647064 -16.018415377306  -5.634253236297   0.583911447938  -0.531961968521   1.546592763075  -0.548385870453  -0.684406702372 
  0.555643005040   1.673288557077   0.727173728931   0.578575096322  -0.066363539356   1.894066532946  -1.990590467494   0.381354485265  -0.058843043500   0.526071600339   0.575774219944   0.604068388706  -0.885180435961  -0.128528396403  -1.174155135980   0.131853682393   0.623286853453   0.601781909286 
 -0.788091483222   0.727173728931   4.271845495895  -0.246085881950  -1.907469917683   0.167170604827  -3.026624707680  -0.260228193808   0.723048834796   2.386007934520  -0.737662029734   0.749536635645   0.550657939529  -0.993111277694  -2.015861619478   0.182282321777   1.275361164925  -1.438430188175 
 -1.132263233562   0.578575096322  -0.246085881950   4.415519069411   3.064327052992   1.611380684000  -2.453251002918  -0.149909528785   1.198585266463   1.616731569540  -0.569704407042   4.050467430888   1.465639983630  -0.505880150402  -0.240771271500   0.393192528328   0.918898543208  -1.621025502557 
 -1.052765576027  -0.066363539356  -1.907469917683   3.064327052992  30.676165135803   0.347873058983   3.979430989577   0.865327849230   0.208845997108  -0.966250381828   0.471899623676   3.040701178853   0.435863926518   0.757107948758   0.940761274958  -0.603161958581  -1.484549648079   3.523157245722 
  0.349737113822   1.894066532946   0.167170604827   1.611380684000   0.347873058983  16.012020538867 -15.022547666347   2.536008289909  -1.482723348008   3.946399889126   0.985734583652   7.977066487878   0.207761624119   0.751528975379  -2.054876259995   1.256647497933   3.672372076727  -6.775863994724 
 -0.588613226959  -1.990590467494  -3.026624707680  -2.453251002918   3.979430989577 -15.022547666347  22.754982956160   0.242797710262   0.057472197308  -5.713559343879   0.570836589102   0.447840324999   0.307369771013   1.509726006962   3.717526270677  -1.734305348488  -4.528386860325  14.166535900367 
 -2.263451472963   0.381354485265  -0.260228193808  -0.149909528785   0.865327849230   2.536008289909   0.242797710262   6.370222952928   2.724241957092  -0.283077924763  -0.387731388499   6.835927071081   2.165118321425   0.997866613018  -0.200936462435  -0.686583854623   0.761100236191   2.400602005974 
 -3.599543371207  -0.058843043500   0.723048834796   1.198585266463   0.208845997108  -1.482723348008   0.057472197308   2.724241957092   6.349339727381   0.304381917408  -3.093531709569   3.952590435272   3.720165763412  -0.199222980084   0.506904043186  -1.281939554998   0.675309509674  -1.423927766214 
 -0.094062076775   0.526071600339   2.386007934520   1.616731569540  -0.966250381828   3.946399889126  -5.713559343879  -0.283077924763   0.304381917408   4.306229296449  -0.418936377403   0.087198391766   0.307077933920  -0.804637617735  -2.445355946635   0.490022181738   1.479243787876  -3.859887487560 
  2.891967647064   0.575774219944  -0.737662029734  -0.569704407042   0.471899623676   0.985734583652   0.570836589102  -0.387731388499  -3.093531709569  -0.418936377403   5.706912306784  -3.972916805391  -3.234756070161   0.492121147883  -0.701777022861   0.062278311350  -0.629561344373   2.958039454067 
-16.018415377306   0.604068388706   0.749536635645   4.050467430888   3.040701178853   7.977066487878   0.447840324999   6.835927071081   3.952590435272   0.087198391766  -3.972916805391  65.134653797674  16.294840788805   1.031370571608   1.055609398696  -3.933596920356   3.260758126835   8.003940460061 
 -5.634253236297  -0.885180435961   0.550657939529   1.465639983630   0.435863926518   0.207761624119   0.307369771013   2.165118321425   3.720165763412   0.307077933920  -3.234756070161  16.294840788805   6.074465195345  -0.363248694325  -0.112347283287  -1.615906747125   2.220356657900   0.232348449647 
  0.583911447938  -0.128528396403  -0.993111277694  -0.505880150402   0.757107948758   0.751528975379   1.509726006962   0.997866613018  -0.199222980084  -0.804637617735   0.492121147883   1.031370571608  -0.363248694325   1.663576825509   1.599928131790  -0.164897572938  -2.233821507294   1.539129012483 
 -0.531961968521  -1.174155135980  -2.015861619478  -0.240771271500   0.940761274958  -2.054876259995   3.717526270677  -0.200936462436   0.506904043186  -2.445355946635  -0.701777022861   1.055609398696  -0.112347283287   1.599928131790   5.726378820752  -0.648278289257  -5.152480815499   3.332688433460 
  1.546592763075   0.131853682393   0.182282321777   0.393192528328  -0.603161958581   1.256647497933  -1.734305348488  -0.686583854623  -1.281939554998   0.490022181738   0.062278311350  -3.933596920356  -1.615906747125  -0.164897572938  -0.648278289257   2.550811686403   1.311476800243  -1.357908261848 
 -0.548385870453   0.623286853453   1.275361164925   0.918898543208  -1.484549648079   3.672372076727  -4.528386860325   0.761100236191   0.675309509674   1.479243787876  -0.629561344373   3.260758126835   2.220356657900  -2.233821507294  -5.152480815499   1.311476800243  24.721010056764  -3.982879902970 
 -0.684406702372   0.601781909286  -1.438430188175  -1.621025502557   3.523157245722  -6.775863994724  14.166535900367   2.400602005974  -1.423927766214  -3.859887487560   2.958039454067   8.003940460061   0.232348449647   1.539129012483   3.332688433460  -1.357908261848  -3.982879902970  16.144111831607 

-66.423773900717   0.666451241084   5.825997205075  16.582103802449  10.597955780626  21.970404063722   1.626830737350  34.928225082277  34.319373548344   1.930714176365 -24.718681833006 231.218027541918  68.086951071482   1.288701491676   4.904343184622 -15.390070430690  14.823646940513  21.703611381185 

TT
  8.109603730394   1.146804334562  -0.662816539623  -1.672552711835  -0.573349138282   1.758539230349  -3.453012802621  -1.919825128980  -3.964152348576  -1.143643286488   2.820273352482 -20.168982932746  -7.642853507154   2.491483887655   0.370655271326   1.763013514258  -0.695084815939  -1.080854141449 
  1.146804334562   2.149738451556   0.318374773006   0.750711270495  -0.313557520482   1.838724555825  -2.345735651897  -0.583896443765  -0.002548005350   0.551938368691   1.386133518034  -1.128684619331  -1.261623041099  -0.534211170993  -0.710724263521   0.137314445821   1.084466306230  -0.987387621380 
 -0.662816539623   0.318374773006   5.232496159014  -0.897947970458  -2.216257557362   0.183897397042  -2.021739744982  -1.043726940999  -0.948955507953   3.574293988420  -1.167855471422   0.248538444861   0.130316188074  -1.350059919336  -2.871308712601   0.377872844465   0.689682022659  -1.583840445262 
 -1.672552711835   0.750711270495  -0.897947970458   5.901688402960   3.160445454605   1.556664290458  -2.166037077397   0.638825463904   3.486549986987   0.845760526974  -0.521261785200   5.411102613972   1.902632732666  -0.868314085641  -0.124450379325  -0.691548739858   0.929699556327  -1.637909307989 
 -0.573349138282  -0.313557520482  -2.216257557362   3.160445454605  33.917289604810   1.471774941122   3.219122898293   1.064692772790   0.817811340653  -1.193980826125  -0.697710144909   1.524718596455   0.589014232972   0.822103316542   1.321805484178  -0.496460506086  -2.304137510880   2.475793277507 
  1.758539230349   1.838724555825   0.183897397042   1.556664290458   1.471774941122  18.158114379652 -18.966303355547   2.543319804323  -0.168608420067   4.840165717819   0.146204128933   5.035489436342  -1.398755883236  -0.395507708191  -1.703813773684  -0.464109545399   1.092040110804 -14.977110508381 
 -3.453012802621  -2.345735651897  -2.021739744982  -2.166037077397   3.219122898293 -18.966303355547  30.164901860005  -0.575697926789  -1.459777721086  -5.809497450241   0.544670341968   6.446540058307   4.257899145453   0.722952941328   2.379501519926   0.492643264158  -1.661530442912  19.359224977830 
 -1.919825128980  -0.583896443765  -1.043726940999   0.638825463904   1.064692772790   2.543319804323  -0.575697926789   6.860537097030   3.628529447946  -0.180835630476  -1.911227757767   6.001071004767   2.455536212140   0.809559188801   0.116531609490  -1.595769121148   0.473066145806  -0.183493464600 
 -3.964152348576  -0.002548005350  -0.948955507953   3.486549986987   0.817811340653  -0.168608420067  -1.459777721086   3.628529447946  11.947406389711  -1.337473248295  -5.033880930909   6.809153484531   3.837044332445   0.007738045925   1.749192432367  -3.531255018780   1.614472492085  -1.346185352760 
 -1.143643286488   0.551938368691   3.574293988420   0.845760526974  -1.193980826125   4.840165717819  -5.809497450241  -0.180835630476  -1.337473248295   7.692157395767  -1.556439148257   2.942786055294   0.722514789985  -2.266413124566  -4.186205078297   0.414905714038   0.596149740018  -4.631940071919 
  2.820273352482   1.386133518034  -1.167855471422  -0.521261785200  -0.697710144909   0.146204128933   0.544670341968  -1.911227757767  -5.033880930909  -1.556439148257   8.023716437763  -3.690250873831  -1.896131499481   0.030399984818  -0.769460372518   1.517249558383   1.075462367070   2.728196936650 
-20.168982932747  -1.128684619331   0.248538444861   5.411102613972   1.524718596455   5.035489436342   6.446540058307   6.001071004767   6.809153484531   2.942786055294  -3.690250873831  72.420688037028  20.955311502314  -5.559311213039  -1.027821503741  -4.693952777648   3.361569012227  -1.950396947555 
 -7.642853507154  -1.261623041099   0.130316188074   1.902632732666   0.589014232972  -1.398755883236   4.257899145453   2.455536212140   3.837044332445   0.722514789985  -1.896131499481  20.955311502314   8.205042804566  -1.836104087805  -0.422645869947  -1.830879921112   0.950294018256   2.296997521940 
  2.491483887655  -0.534211170993  -1.350059919336  -0.868314085641   0.822103316542  -0.395507708191   0.722952941328   0.809559188801   0.007738045925  -2.266413124566   0.030399984818  -5.559311213039  -1.836104087805   2.232770397359   1.597932905910  -0.364112795080  -1.137140025239   1.206449336977 
  0.370655271326  -0.710724263521  -2.871308712601  -0.124450379325   1.321805484178  -1.703813773684   2.379501519926   0.116531609490   1.749192432367  -4.186205078297  -0.769460372518  -1.027821503741  -0.422645869947   1.597932905910   5.111788995342  -0.886300721933  -3.771232679229   1.161703263090 
  1.763013514258   0.137314445821   0.377872844465  -0.691548739858  -0.496460506086  -0.464109545399   0.492643264158  -1.595769121148  -3.531255018780   0.414905714038   1.517249558383  -4.693952777648  -1.830879921112  -0.364112795080  -0.886300721933   4.728002281524   2.410690511758   0.371718120161 
 -0.695084815939   1.084466306230   0.689682022659   0.929699556327  -2.304137510880   1.092040110804  -1.661530442912   0.473066145806   1.614472492085   0.596149740018   1.075462367070   3.361569012227   0.950294018256  -1.137140025239  -3.771232679229   2.410690511758  33.331539479014  -4.265833102265 
 -1.080854141449  -0.987387621380  -1.583840445262  -1.637909307989   2.475793277507 -14.977110508381  19.359224977830  -0.183493464600  -1.346185352760  -4.631940071919   2.728196936650  -1.950396947555   2.296997521940   1.206449336977   1.161703263090   0.371718120161  -4.265833102265  18.609715768756 

-85.385618127179  -7.928124741430   0.385347964256  28.055165837342   7.317292600528  14.040956607878  20.957453604666  31.889096920868  61.875569974037   9.356190609111 -34.504677859887 272.395411003305  86.061135926689 -21.763141844255   1.645087101861 -26.779217347948  13.902074384043 -12.696516388886 

A
  0.102663741105   0.241912975285  -0.293608753045  -0.079639989283  -0.723400432983   0.201704891088 
  0.241912975285   0.600412663229   0.025140259764   0.018819389285  -0.373758157062  -0.419898091010 
 -0.293608753045   0.025140259764   0.918009223626   0.728734005289   1.033070842437   1.001534961270 
 -0.079639989283   0.018819389285   0.728734005289   8.143008641588  -1.961732288345   0.180854445933 
 -0.723400432983  -0.373758157062   1.033070842437  -1.961732288345  16.611511988279  -2.555790929891 
  0.201704891088  -0.419898091010   1.001534961270   0.180854445933  -2.555790929891   1.314147105647 

 -0.058420970395   0.651879498679   0.497806447678   1.718940255694   1.383643293203   0.536310387261 

C
  0.685789711556   0.416450719442  -0.151083177037  -0.240576595318  -0.498284282989   1.248394033667 
  0.416450719442   0.731893037098  -0.172532828631  -0.077255156481   0.963714206499   0.969562040354 
 -0.151083177037  -0.172532828631   7.646221572195  -4.916896114260 -10.369739440284   0.125722275253 
 -0.240576595318  -0.077255156481  -4.916896114260   8.226851731430  11.019548936262  -0.656227079795 
 -0.498284282989   0.963714206499 -10.369739440284  11.019548936262  51.419486434082  -1.920304880420 
  1.248394033667   0.969562040354   0.125722275253  -0.656227079795  -1.920304880420   3.357283106802 

 -0.106850357324   0.388342309250  -0.222109365898   1.970922535371   0.201116972849  -0.617320890427 

G
  0.685789711556  -0.416450719442   0.151083177037  -0.240576595318   0.498284282989  -1.248394033667 
 -0.416450719442   0.731893037098  -0.172532828631   0.077255156481   0.963714206499   0.969562040354 
  0.151083177037  -0.172532828631   7.646221572195   4.916896114260 -10.369739440284   0.125722275253 
 -0.240576595318   0.077255156481   4.916896114260   8.226851731430 -11.019548936262   0.656227079795 
  0.498284282989   0.963714206499 -10.369739440284 -11.019548936262  51.419486434082  -1.920304880420 
 -1.248394033667   0.969562040354   0.125722275253   0.656227079795  -1.920304880420   3.357283106802 

  0.106850357324   0.388342309250  -0.222109365898  -1.970922535371   0.201116972849  -0.617320890427 

T
  0.102663741105  -0.241912975285   0.293608753045  -0.079639989283   0.723400432983  -0.201704891088 
 -0.241912975285   0.600412663229   0.025140259764  -0.018819389285  -0.373758157062  -0.419898091010 
  0.293608753045   0.025140259764   0.918009223626  -0.728734005289   1.033070842437   1.001534961270 
 -0.079639989283  -0.018819389285  -0.728734005289   8.143008641588   1.961732288345  -0.180854445933 
  0.723400432983  -0.373758157062   1.033070842437   1.961732288345  16.611511988279  -2.555790929891 
 -0.201704891088  -0.419898091010   1.001534961270  -0.180854445933  -2.555790929891   1.314147105647 

  0.058420970395   0.651879498679   0.497806447678  -1.718940255694   1.383643293203   0.536310387261 

