AA
  8.255344999081   1.988215115023   0.249104286739  -1.815533534698  -1.364258202105  -2.213685963367   4.426019160976  -2.435475448355  -4.032883833675   0.770875262945   2.129470448902 -20.977296129395  -7.823811023621   1.278005128714  -0.129384976151   1.950341177324  -0.591181685567   1.709086632207 
  1.988215115023   2.403495736871   1.391165431879   0.346025107484  -0.840605905775   1.163174425167  -0.772063781695   0.531034605373   0.213323434316   2.064459019093  -0.115615788909  -6.284368217711  -2.533105589907  -0.477765524656  -0.953826439613   0.765383751508   0.515949715602  -0.762418317387 
  0.249104286739   1.391165431879   4.036640362389   0.504685358645  -3.686243386444   1.450805187610  -2.478760057081   0.072322902243   1.249969384734   3.670228260626  -0.356944589959  -0.812512548729  -0.312438829223  -0.546420238631  -2.653451317337   0.108195479109   1.316290312126  -1.412741550578 
 -1.815533534698   0.346025107484   0.504685358645   3.790444122731  -1.768856750775  -0.280307482428   0.499179707958   1.513588592820   2.749266513188   0.240549245406  -1.246117067613   4.666055293908   1.704290366198  -0.172085891273  -0.218286177532  -0.476750340790   0.252733102275   0.732273335240 
 -1.364258202105  -0.840605905775  -3.686243386444  -1.768856750775  28.920090919713  -5.286232473494   1.525467928409   0.601082759493   1.779708934763  -0.836920838745   1.261812519043   3.970987295509   0.671298043836   0.966845040783   0.677438040977  -0.994748069042  -1.970697464478   1.158551894934 
 -2.213685963367   1.163174425167   1.450805187610  -0.280307482428  -5.286232473494  18.180499861351 -19.687841459997  -0.654894566564  -0.702264125638   4.660335030574   1.826273013890  -2.547052236836   1.084074201739  -1.183047077758  -1.647300243134   1.441985398155   1.864177891597 -15.596676497802 
  4.426019160976  -0.772063781695  -2.478760057081   0.499179707958   1.525467928409 -19.687841459997  31.001160884767   0.818096326818   1.122827023288  -5.770540468676  -0.460389061201  -6.985045482051  -3.715656917326   2.416850481378   2.190781067929  -1.936215928372  -2.438640336346  19.098842982554 
 -2.435475448355   0.531034605373   0.072322902243   1.513588592820   0.601082759493  -0.654894566564   0.818096326818   6.668527476621   3.384292230410   0.049337939742  -1.896838768512   5.732584534215   1.918369320098  -0.646426131002  -1.013236208386  -0.743070742917   0.917542435388   2.561049031426 
 -4.032883833675   0.213323434316   1.249969384734   2.749266513188   1.779708934763  -0.702264125638   1.122827023288   3.384292230410  10.467066450160   0.840067084301  -4.150538727973   6.491084486178   3.973450086884  -0.011404869295  -0.376638668452  -3.054403219114   0.413987491737   0.013212032488 
  0.770875262945   2.064459019093   3.670228260626   0.240549245406  -0.836920838745   4.660335030574  -5.770540468676   0.049337939742   0.840067084301   6.544961210242   2.101318812274  -3.149405487386  -1.320303956170  -0.424694638143  -3.293667129715   0.693776909114   1.320041777090  -4.297985590283 
  2.129470448902  -0.115615788909  -0.356944589959  -1.246117067613   1.261812519043   1.826273013890  -0.460389061201  -1.896838768512  -4.150538727973   2.101318812274   7.448326781575  -3.369576830912  -2.717210980247   1.029393864574  -1.574742049409   0.442058385207  -0.785297535592  -0.187165642293 
-20.977296129395  -6.284368217711  -0.812512548729   4.666055293908   3.970987295509  -2.547052236836  -6.985045482051   5.732584534215   6.491084486178  -3.149405487386  -3.369576830912  73.281352594399  20.509060143808  -1.235844671711   0.132356156602  -5.217152707309   1.942544298681   4.414512809158 
 -7.823811023621  -2.533105589907  -0.312438829223   1.704290366198   0.671298043836   1.084074201739  -3.715656917326   1.918369320098   3.973450086884  -1.320303956170  -2.717210980247  20.509060143808   8.212238873313  -1.132208999897   0.447077623045  -1.598488643653   0.254895549453  -1.638636813927 
  1.278005128714  -0.477765524656  -0.546420238631  -0.172085891273   0.966845040783  -1.183047077758   2.416850481378  -0.646426131002  -0.011404869295  -0.424694638143   1.029393864574  -1.235844671711  -1.132208999897   2.186098337670   0.527551352166  -0.516046352758  -0.803087466074   1.544490686554 
 -0.129384976151  -0.953826439613  -2.653451317337  -0.218286177532   0.677438040977  -1.647300243134   2.190781067929  -1.013236208386  -0.376638668452  -3.293667129715  -1.574742049409   0.132356156602   0.447077623045   0.527551352166   4.399011590688   0.510974328149  -2.448766757960   0.391699200545 
  1.950341177324   0.765383751508   0.108195479109  -0.476750340790  -0.994748069042   1.441985398155  -1.936215928372  -0.743070742917  -3.054403219114   0.693776909114   0.442058385207  -5.217152707309  -1.598488643653  -0.516046352758   0.510974328149   5.046216132904  -1.761190021549  -1.266116711217 
 -0.591181685567   0.515949715602   1.316290312126   0.252733102275  -1.970697464478   1.864177891597  -2.438640336346   0.917542435388   0.413987491737   1.320041777090  -0.785297535592   1.942544298681   0.254895549453  -0.803087466074  -2.448766757960  -1.761190021549  27.830929637833  -0.194949326179 
  1.709086632207  -0.762418317387  -1.412741550578   0.732273335240   1.158551894934 -15.596676497802  19.098842982554   2.561049031426   0.013212032488  -4.297985590283  -0.187165642293   4.414512809158  -1.638636813927   1.544490686554   0.391699200545  -1.266116711217  -0.194949326179  18.259173981057 

-86.794306901218 -22.742191900525   0.535649686519  23.821856847261  16.246011226500 -11.911687222157 -24.044474735681  30.749062324450  56.021118726910 -11.340603411671 -29.469217829148 274.430112273658  86.492481918559  -7.355186771322   1.034147954977 -25.987408014515   7.910226651767  13.153183740302 

AC
  9.615028706661   2.095929831634   0.522912470362  -1.323804326250  -1.677511555571  -2.180393243218   2.489881413104  -2.986069887526  -3.124709423195   0.418271288399   2.404132850545 -24.626898098321  -8.597338347269   2.446694460514  -0.275118822976   1.784349822243   0.078983149797   2.219988866611 
  2.095929831634   2.427598127781   1.187523130319   0.176532385882  -0.230300437891   1.355047383938  -1.121583450285   0.295206322204   0.176801797748   1.777907762507   0.223836508277  -5.497411018724  -3.012946646543  -0.652830869723  -0.934990824787   0.209831452010   0.663449731846  -1.550916354338 
  0.522912470362   1.187523130319   3.914103124893   0.262551875421  -1.235265996615   0.431298908503  -1.442852383308  -0.037823712155   1.045814474484   3.137057600755   0.146738564768  -0.955170994890  -0.811888863946  -0.440568593911  -2.680451481108  -0.341352422095   1.457077243252  -0.746647834325 
 -1.323804326250   0.176532385882   0.262551875421   3.744952815314  -2.013716621203  -0.349140904328   0.605085320830   1.635799230034   2.572932707153  -0.338019480878  -0.215298299587   3.387428560326   1.548800843416  -0.166367288984  -0.267814228449  -0.662180857510   0.905403897322   1.156970381731 
 -1.677511555571  -0.230300437891  -1.235265996615  -2.013716621203  28.327534219119  -1.138950450445   3.106947783570   0.402661668746   1.917801125347  -0.857221820751  -1.131628384643   3.544001272995   0.454346849244   0.309117250052   1.030198912590  -1.024995594760  -2.597667601647   0.326164914719 
 -2.180393243218   1.355047383938   0.431298908503  -0.349140904328  -1.138950450445  19.422247043524 -22.363254200197   1.059266855392  -0.482101637865   3.309361911983   1.010708550545   0.082248602589  -1.560728545288  -2.738476710725  -1.143884458040   0.430485805651   0.632644709876 -17.788044281803 
  2.489881413104  -1.121583450285  -1.442852383308   0.605085320830   3.106947783570 -22.363254200197  34.824082048107   0.540690279753   2.159113790229  -4.822926116017  -1.043712910098  -1.927476876249   0.402478700814   3.135696493807   1.716519399911  -1.104267450863  -3.387083446859  22.049794867113 
 -2.986069887526   0.295206322204  -0.037823712155   1.635799230034   0.402661668746   1.059266855392   0.540690279753   7.200435868759   3.389343682722   0.309400903821  -0.379596357659   8.771504326034   2.445291949878  -1.220749695595  -0.818632925512  -1.466627953928   0.757219914909   0.187936660262 
 -3.124709423195   0.176801797748   1.045814474484   2.572932707153   1.917801125347  -0.482101637865   2.159113790229   3.389343682722  10.599264949279   0.885742006009  -2.864510008589   3.942637006528   2.979850780987   0.308930038813  -0.358076219817  -3.101806729749   1.103603678696   1.338360907871 
  0.418271288399   1.777907762507   3.137057600755  -0.338019480878  -0.857221820751   3.309361911983  -4.822926116017   0.309400903821   0.885742006009   4.751833168861   0.722391441304  -1.367267012464  -1.721955309118  -1.164397271885  -2.749218499193  -0.333510333307   1.003415910886  -3.900203681216 
  2.404132850545   0.223836508277   0.146738564768  -0.215298299587  -1.131628384643   1.010708550545  -1.043712910098  -0.379596357659  -2.864510008589   0.722391441304   7.892359257764  -0.727182360155  -2.403392471934   0.058367880606  -1.063437415890   0.582833360307  -0.826211045599  -0.450038852380 
-24.626898098321  -5.497411018724  -0.955170994890   3.387428560326   3.544001272995   0.082248602589  -1.927476876249   8.771504326034   3.942637006528  -1.367267012464  -0.727182360155  81.817492064256  23.641805422015  -5.388681501335   0.617142799164  -4.583579087891   1.561160937781  -1.298960721422 
 -8.597338347269  -3.012946646543  -0.811888863946   1.548800843416   0.454346849244  -1.560728545288   0.402478700814   2.445291949878   2.979850780987  -1.721955309118  -2.403392471934  23.641805422015   9.387008306957  -1.354699222917   0.548059403815  -1.515900526886   0.525661788132   1.569108600642 
  2.446694460514  -0.652830869723  -0.440568593911  -0.166367288984   0.309117250052  -2.738476710725   3.135696493807  -1.220749695595   0.308930038813  -1.164397271885   0.058367880606  -5.388681501335  -1.354699222917   1.964999964003   0.326867279064   0.094437206374  -0.163716361070   2.120268008432 
 -0.275118822976  -0.934990824787  -2.680451481108  -0.267814228449   1.030198912590  -1.143884458040   1.716519399911  -0.818632925512  -0.358076219817  -2.749218499193  -1.063437415890   0.617142799164   0.548059403815   0.326867279064   7.400238318291  -1.094847813086  -8.370457892296   0.013972171689 
  1.784349822243   0.209831452010  -0.341352422095  -0.662180857510  -1.024995594760   0.430485805651  -1.104267450863  -1.466627953928  -3.101806729749  -0.333510333307   0.582833360307  -4.583579087891  -1.515900526886   0.094437206374  -1.094847813086   3.582478018891   2.399536347192   0.017369809999 
  0.078983149797   0.663449731846   1.457077243252   0.905403897322  -2.597667601647   0.632644709876  -3.387083446859   0.757219914909   1.103603678696   1.003415910886  -0.826211045599   1.561160937781   0.525661788132  -0.163716361070  -8.370457892296   2.399536347192  30.227397023748   0.943875550095 
  2.219988866611  -1.550916354338  -0.746647834325   1.156970381731   0.326164914719 -17.788044281803  22.049794867113   0.187936660262   1.338360907871  -3.900203681216  -0.450038852380  -1.298960721422   1.569108600642   2.120268008432   0.013972171689   0.017369809999   0.943875550095  19.385129767986 

-97.456856475968 -19.925098034245  -0.595514062659  18.714780298241  16.849430506994   0.506643332340  -4.025533102866  40.076773414388  46.238639043099  -2.474007728704 -16.278176453240 296.654540723570  94.479823789132 -18.048160813811   2.961285962392 -25.816674504404   9.171435627159  -0.694676161131 

AG
  8.143776298842   1.997593359452   0.205782036680  -1.467691352422  -1.912774783999  -2.132987560370   4.251138482519  -2.232303477272  -3.412832130480   1.195057644807   2.576179769309 -21.079136642006  -7.878394607900   0.984910270904  -0.701268235156   1.848794558377  -0.277422831090   1.437109494640 
  1.997593359452   2.406929817050   1.368911897923   0.317387842295  -0.745709446904   1.134325718881  -0.653551564916   1.010809975454   0.427953580386   1.775122288590   0.267322219969  -5.638979938466  -2.711946081140  -0.169204247388  -1.440611306658  -0.042911022241   0.573275713963   0.105347497889 
  0.205782036680   1.368911897923   3.837433312026   0.472525506776  -4.621341706504   0.933143330482  -1.856752048848   0.470822538336   1.218607939915   3.530699976332  -0.041900604357  -0.549258883065  -0.378849018182  -0.504558938232  -2.789861174443   0.089152059121   1.609106276921  -0.335681576288 
 -1.467691352422   0.317387842295   0.472525506776   3.587668842940  -2.209705677699  -0.436064246072   0.366778389469   0.869358261171   2.382471960314  -0.305622768296  -0.838300177337   3.427430225360   1.482951883634  -0.075153534956  -0.348581035310  -1.440840721929   0.415990891646   0.199278138355 
 -1.912774783999  -0.745709446904  -4.621341706504  -2.209705677699  29.517035256821  -2.660257258062   3.431484399200   0.623025389077   2.111022252135  -1.419494691112  -0.458650307669   4.133808217526   0.662169821987   0.871414702389   1.083119347673  -1.436831708976  -1.867517785968   2.307049690603 
 -2.132987560370   1.134325718881   0.933143330482  -0.436064246072  -2.660257258062  18.018644523552 -20.307998480389  -0.043480456362  -1.268620086550   3.805618702320   1.355775972877  -1.416430304662   0.409324660300  -0.482916077333  -1.896142772308   1.256712104535   2.500839958920 -14.113426875801 
  4.251138482519  -0.653551564916  -1.856752048848   0.366778389469   3.431484399200 -20.307998480389  31.542855492776   0.850811020806   2.010426786118  -5.054403702382  -0.330923252715  -6.209185664192  -2.917286179780   2.042296679187   2.499660393730  -2.265907314110  -3.380508851437  18.103544893373 
 -2.232303477272   1.010809975454   0.470822538336   0.869358261171   0.623025389077  -0.043480456362   0.850811020806   6.617372337281   3.027841744566   0.501730749145  -1.660223258660   5.639535670312   1.725091298867   0.086374880644  -0.922939961087  -0.960217885554   1.000216612408   2.610070585304 
 -3.412832130480   0.427953580386   1.218607939915   2.382471960314   2.111022252135  -1.268620086550   2.010426786118   3.027841744566   9.549036465512   1.176347716082  -3.138849021694   5.071633290414   3.399460047335   0.014818903717  -0.384287030534  -2.580167869951   0.269916708908   0.456739033145 
  1.195057644807   1.775122288590   3.530699976332  -0.305622768296  -1.419494691112   3.805618702320  -5.054403702382   0.501730749145   1.176347716082   5.507591584873   1.542668959227  -4.090837290141  -1.781684463509  -0.333825942657  -3.078894090389  -0.040718383442   1.551163979826  -2.913716740052 
  2.576179769309   0.267322219969  -0.041900604357  -0.838300177337  -0.458650307669   1.355775972877  -0.330923252715  -1.660223258660  -3.138849021694   1.542668959227   6.170887151603  -3.742781656629  -3.210208427954   1.034925263747  -1.439485658058  -0.160265038167  -1.346170831315  -0.104886869473 
-21.079136642006  -5.638979938466  -0.549258883065   3.427430225360   4.133808217526  -1.416430304662  -6.209185664192   5.639535670312   5.071633290414  -4.090837290141  -3.742781656629  72.702402141047  20.977591937745  -0.761578816445   1.512819912896  -4.206597176345   1.033771271772   5.257704207610 
 -7.878394607900  -2.711946081140  -0.378849018182   1.482951883634   0.662169821987   0.409324660300  -2.917286179780   1.725091298867   3.399460047335  -1.781684463509  -3.210208427954  20.977591937745   8.573718796594  -1.125072691601   0.416592209514  -1.432679048880   1.078687501060  -0.747168021374 
  0.984910270904  -0.169204247388  -0.504558938232  -0.075153534956   0.871414702389  -0.482916077333   2.042296679187   0.086374880644   0.014818903717  -0.333825942657   1.034925263747  -0.761578816445  -1.125072691601   1.902499836317   1.434514711527  -0.077569006163  -2.946031807604   1.697712643028 
 -0.701268235156  -1.440611306658  -2.789861174443  -0.348581035310   1.083119347673  -1.896142772308   2.499660393730  -0.922939961087  -0.384287030534  -3.078894090389  -1.439485658058   1.512819912896   0.416592209514   1.434514711527   6.404541999340  -0.151583710323  -6.482272258449   3.414143609882 
  1.848794558377  -0.042911022241   0.089152059121  -1.440840721929  -1.436831708976   1.256712104535  -2.265907314110  -0.960217885554  -2.580167869951  -0.040718383442  -0.160265038167  -4.206597176345  -1.432679048880  -0.077569006163  -0.151583710323   3.217047403921   0.443723111664  -1.484111363604 
 -0.277422831090   0.573275713963   1.609106276921   0.415990891646  -1.867517785968   2.500839958920  -3.380508851437   1.000216612408   0.269916708908   1.551163979826  -1.346170831315   1.033771271772   1.078687501060  -2.946031807604  -6.482272258449   0.443723111664  30.581732221569  -4.694984326666 
  1.437109494640   0.105347497889  -0.335681576288   0.199278138355   2.307049690603 -14.113426875801  18.103544893373   2.610070585304   0.456739033145  -2.913716740052  -0.104886869473   5.257704207610  -0.747168021374   1.697712643028   3.414143609882  -1.484111363604  -4.694984326666  16.533702265509 

-85.321336945798 -19.919862075095   1.616951723635  18.261216404339  17.701904734824  -7.675775462395 -19.819048565431  29.155349214969  47.153725886699 -11.936377681714 -27.199945427523 268.544297208519  87.007514112177  -6.006699463110   5.076733062200 -18.976471881659   6.444338502250  15.768855629184 

AT
  9.963822994422   2.040604579906  -0.019455429087  -1.162914511600  -0.358104958720  -2.097424241282   1.755021403565  -1.859223842570  -2.257254279985  -0.834000468403   2.201939497122 -24.991550721786  -9.058069845613   2.807793428146   0.301037198667   1.239028240334   0.021032008639   2.043067746126 
  2.040604579906   2.465754740113   0.932566170117   0.438629699322  -0.139829538006   1.095233104878  -1.213934673380  -0.181977148215   0.627838795704   1.292961051031   0.420050869291  -5.881165683714  -2.807793428146  -0.616316337614  -0.752641721823  -0.179471049505   0.726834465809  -1.296368433069 
 -0.019455429087   0.932566170117   4.147543222488   0.202455487626  -2.476917084256   0.176165665449  -0.944688274132  -0.535645062082   0.640112177148   3.473602918628  -0.864592420601  -0.364570103945  -0.301037198667  -0.752641721823  -2.901637128625  -0.231928690098   0.941706374293  -0.708245211443 
 -1.162914511600   0.438629699322   0.202455487626   4.026124049464  -1.980196853389  -0.045043639499  -0.230031494728   1.441347306585   2.916337940021  -0.286165273938   0.388799047193   2.996949092485   1.239028240334   0.179471049505   0.231928690098  -1.485941750708   1.041000988484   0.519456700841 
 -0.358104958720  -0.139829538006  -2.476917084256  -1.980196853389  26.276721864412  -0.149251795420   2.600244357578   0.375666544494   1.337383159627   0.092606577655  -0.606621545341   2.593813613469  -0.021032008639   0.726834465809   0.941706374293  -1.041000988484  -2.684593574071  -0.112050226450 
 -2.097424241282   1.095233104878   0.176165665449  -0.045043639499  -0.149251795420  20.862534010443 -23.918107787706   0.421858968832   0.258383293052   2.969763167963   0.933230426125  -0.681891558459  -2.043067746126  -1.296368433069  -0.708245211443  -0.519456700841  -0.112050226450 -18.502460235194 
  1.755021403565  -1.213934673380  -0.944688274132  -0.230031494728   2.600244357578 -23.918107787706  37.457396072973  -0.000000000000  -0.000000000000  -3.125049455877   0.000000000000   0.000000000000   1.755021403565   1.213934673380   0.944688274132  -0.230031494728  -2.600244357578  23.918107787706 
 -1.859223842570  -0.181977148215  -0.535645062082   1.441347306585   0.375666544494   0.421858968832  -0.000000000000   7.370756381516   3.239163495998   0.000000000000  -0.951295729214   5.848553602153   1.859223842570  -0.181977148215  -0.535645062082  -1.441347306585   0.375666544494   0.421858968832 
 -2.257254279985   0.627838795704   0.640112177148   2.916337940021   1.337383159627   0.258383293052  -0.000000000000   3.239163495998  11.739958022077  -0.000000000000  -2.387577574092   2.701272181530   2.257254279985   0.627838795704   0.640112177148  -2.916337940021   1.337383159627   0.258383293052 
 -0.834000468403   1.292961051031   3.473602918628  -0.286165273938   0.092606577655   2.969763167963  -3.125049455877   0.000000000000  -0.000000000000   6.175838022805  -0.000000000000   0.000000000000  -0.834000468403  -1.292961051031  -3.473602918628  -0.286165273938  -0.092606577655  -2.969763167963 
  2.201939497122   0.420050869291  -0.864592420601   0.388799047193  -0.606621545341   0.933230426125   0.000000000000  -0.951295729214  -2.387577574092  -0.000000000000   9.807347986732  -0.387234193694  -2.201939497122   0.420050869291  -0.864592420601  -0.388799047193  -0.606621545341   0.933230426125 
-24.991550721786  -5.881165683714  -0.364570103945   2.996949092485   2.593813613469  -0.681891558459   0.000000000000   5.848553602153   2.701272181530   0.000000000000  -0.387234193694  83.501115211998  24.991550721786  -5.881165683714  -0.364570103945  -2.996949092485   2.593813613469  -0.681891558459 
 -9.058069845613  -2.807793428146  -0.301037198667   1.239028240334  -0.021032008639  -2.043067746126   1.755021403565   1.859223842570   2.257254279985  -0.834000468403  -2.201939497122  24.991550721786   9.963822994422  -2.040604579906   0.019455429087  -1.162914511600   0.358104958720   2.097424241282 
  2.807793428146  -0.616316337614  -0.752641721823   0.179471049505   0.726834465809  -1.296368433069   1.213934673380  -0.181977148215   0.627838795704  -1.292961051031   0.420050869291  -5.881165683714  -2.040604579906   2.465754740113   0.932566170117  -0.438629699322  -0.139829538006   1.095233104878 
  0.301037198667  -0.752641721823  -2.901637128625   0.231928690098   0.941706374293  -0.708245211443   0.944688274132  -0.535645062082   0.640112177148  -3.473602918628  -0.864592420601  -0.364570103945   0.019455429087   0.932566170117   4.147543222488  -0.202455487626  -2.476917084256   0.176165665449 
  1.239028240334  -0.179471049505  -0.231928690098  -1.485941750708  -1.041000988484  -0.519456700841  -0.230031494728  -1.441347306585  -2.916337940021  -0.286165273938  -0.388799047193  -2.996949092485  -1.162914511600  -0.438629699322  -0.202455487626   4.026124049464   1.980196853389   0.045043639499 
  0.021032008639   0.726834465809   0.941706374293   1.041000988484  -2.684593574071  -0.112050226450  -2.600244357578   0.375666544494   1.337383159627  -0.092606577655  -0.606621545341   2.593813613469   0.358104958720  -0.139829538006  -2.476917084256   1.980196853389  26.276721864412  -0.149251795420 
  2.043067746126  -1.296368433069  -0.708245211443   0.519456700841  -0.112050226450 -18.502460235194  23.918107787706   0.421858968832   0.258383293052  -2.969763167963   0.933230426125  -0.681891558459   2.097424241282   1.095233104878   0.176165665449   0.045043639499  -0.149251795420  20.862534010443 

-98.412806401426 -20.781259581323   1.093326860436  16.754284755230  12.448612877434  -1.890559970866   0.000000000000  29.011500198062  43.463218364735   0.000000000000 -17.489902766856 301.153547194498  98.412806401426 -20.781259581323   1.093326860436 -16.754284755230  12.448612877434  -1.890559970866 

CA
  6.319941803475   0.496586087242   0.484522790916  -1.814210247667  -2.530142952110  -0.021906989880   0.133995765183  -2.272177312155  -4.053948897011   0.496745449832   2.928892430848 -16.338874628304  -5.767766698746   1.017859783866  -0.518155670616   1.650654791732  -0.203791994051  -0.297102552197 
  0.496586087242   1.487224972803   1.587790814874   0.100053006790  -1.675338900563   1.874029211313  -1.598629809970   1.016045064112  -0.248341278246   1.187778656286   0.423375751869   0.503722302031  -0.725038018257   0.093242112094  -0.949805996569   0.562802569000   0.513123316420   0.496407986610 
  0.484522790916   1.587790814874   6.694415737727   0.430106988612  -7.151294383289   3.037552243519  -3.678253346230  -0.381975180898   0.545601775889   2.403920593403  -0.792324382785   0.400887373247   0.333133748014  -0.976409985422  -2.109301736276   0.233448261319   1.348638192879  -2.050362832934 
 -1.814210247667   0.100053006790   0.430106988612   2.285736089605  -1.162182834440   0.938433795228  -1.359590977928   0.985658332233   1.336740378429   0.398313274415  -0.311185642928   3.907672752837   1.766468509928  -0.289290502520  -0.173088605063   0.440676365304   0.295058350060  -0.942017347078 
 -2.530142952110  -1.675338900563  -7.151294383289  -1.162182834440  30.678415778486  -4.793727924270   3.181108345126   0.448819183534  -0.049105405020  -1.755330517489  -0.235149396795   3.197963645635   0.089286290476   0.363333388961   1.376642800231  -0.581542059022  -1.693213844212   3.257735688575 
 -0.021906989880   1.874029211313   3.037552243519   0.938433795228  -4.793727924270  16.075969496756 -14.301397938125   2.107262080651  -1.349216914165   3.898642620382   2.704757492424   7.876552267706   0.650146002999   0.515748979833  -1.670694241488   1.549579301592   3.331751163818  -7.193870386579 
  0.133995765183  -1.598629809970  -3.678253346230  -1.359590977928   3.181108345126 -14.301397938125  22.471452887826  -0.099853744912  -0.037430717586  -6.444697569140  -0.206371438270  -0.723212758074  -0.698729678088   1.766959477220   3.240438109390  -2.066164568516  -3.068993831162  14.714725222385 
 -2.272177312155   1.016045064112  -0.381975180898   0.985658332233   0.448819183534   2.107262080651  -0.099853744912   5.894532961023   2.818400036759   0.078627782412   0.026881584920   6.996894792831   2.222256001607   0.195621183719  -0.414837203749  -0.204040220170   0.670540936004   2.678061064174 
 -4.053948897011  -0.248341278246   0.545601775889   1.336740378429  -0.049105405020  -1.349216914165  -0.037430717586   2.818400036759   7.400640435199  -0.612059595034  -3.793686890274   4.485665427273   3.862539597246  -0.408729540638   0.742629426096  -1.369788935088   0.014035278709  -1.148043356418 
  0.496745449832   1.187778656286   2.403920593403   0.398313274415  -1.755330517489   3.898642620382  -6.444697569140   0.078627782412  -0.612059595034   3.676437967457   0.344867162756  -0.213796230845  -0.344184921329  -0.783891045974  -2.470920954707   1.598667082204   1.267979663215  -3.700612733063 
  2.928892430848   0.423375751869  -0.792324382785  -0.311185642928  -0.235149396795   2.704757492424  -0.206371438270   0.026881584920  -3.793686890274   0.344867162756   6.278165050320  -3.082129218562  -2.440356641472   0.687293886792  -0.541906700532   0.849552752219   0.522923180285   1.048510090939 
-16.338874628304   0.503722302031   0.400887373247   3.907672752837   3.197963645635   7.876552267706  -0.723212758074   6.996894792831   4.485665427273  -0.213796230845  -3.082129218562  64.989357130292  16.090342569951   0.165517928885   0.456750224195  -3.702079103319   3.623076757050   7.015459789519 
 -5.767766698746  -0.725038018257   0.333133748014   1.766468509928   0.089286290476   0.650146002999  -0.698729678088   2.222256001607   3.862539597246  -0.344184921329  -2.440356641472  16.090342569951   5.946336676655  -0.591899063987   0.514357470154  -1.259097222392   1.021700507457  -0.232478058243 
  1.017859783866   0.093242112094  -0.976409985422  -0.289290502520   0.363333388961   0.515748979833   1.766959477220   0.195621183719  -0.408729540638  -0.783891045974   0.687293886792   0.165517928885  -0.591899063987   1.713602160370   0.941258076251  -0.228289731394  -0.091831507398   1.478683568090 
 -0.518155670616  -0.949805996569  -2.109301736276  -0.173088605063   1.376642800231  -1.670694241488   3.240438109390  -0.414837203749   0.742629426096  -2.470920954707  -0.541906700532   0.456750224195   0.514357470154   0.941258076251   3.758195623203  -0.046738293670  -2.547786805065   0.316885955088 
  1.650654791732   0.562802569000   0.233448261319   0.440676365304  -0.581542059022   1.549579301592  -2.066164568516  -0.204040220170  -1.369788935088   1.598667082204   0.849552752219  -3.702079103319  -1.259097222392  -0.228289731394  -0.046738293670   3.694063316236  -1.750749952289  -1.180746657865 
 -0.203791994051   0.513123316420   1.348638192879   0.295058350060  -1.693213844212   3.331751163818  -3.068993831162   0.670540936004   0.014035278709   1.267979663215   0.522923180285   3.623076757050   1.021700507457  -0.091831507398  -2.547786805065  -1.750749952289  25.903641203600  -0.747400399604 
 -0.297102552197   0.496407986610  -2.050362832934  -0.942017347078   3.257735688575  -7.193870386579  14.714725222385   2.678061064174  -1.148043356418  -3.700612733063   1.048510090939   7.015459789519  -0.232478058243   1.478683568090   0.316885955088  -1.180746657865  -0.747400399604  16.013056710437 

-68.674906014677  -0.090601642926   2.943688640646  15.416444945629  11.246544869468  20.622554143611  -1.900224085050  34.731579282950  40.066557955786  -3.682776562827 -22.896787052243 231.240614235228  66.835175006166  -1.259355548809   4.672619660651 -16.382887265695  11.570269532250  20.369484576464 

CC
  8.078158887157   0.747318144207   0.323095540975  -2.115617366428  -2.850406394019  -0.811626367768  -0.441503521838  -3.033847394771  -3.849206112552  -0.571837024286   3.138569017260 -21.230247402933  -7.349947334519   2.480241925850  -0.250016106967   1.800945848457  -0.590256872738   0.750710251325 
  0.747318144207   1.708219225404   1.834561227382  -0.173440342893  -2.789292657979   1.945255133512  -1.860476690817   0.622346678920  -0.444015126905   0.910106113049   0.504844007238  -0.127550942830  -0.974448303618  -0.353355445672  -0.678439045422   0.373377826735   0.663074782660  -0.792408761005 
  0.323095540975   1.834561227382   5.710918273879   0.429121612588  -4.945894658542   3.766472481086  -3.043484194227  -0.571710476611   0.312346176469   2.416532474837  -0.675025471696   0.819231658258   0.258863789565  -0.947866975117  -2.380575783658  -0.076433592679   1.688412112369  -1.831913853846 
 -2.115617366428  -0.173440342893   0.429121612588   3.299323491682  -0.204389578619   0.538587605359  -1.530849271319   1.245624761069   2.290298231647   0.739482580742  -0.372839558856   4.396767642445   1.987435310547  -0.507868381279  -0.508553260592  -0.516944587075   0.985152557287  -0.994585131947 
 -2.850406394019  -2.789292657979  -4.945894658542  -0.204389578619  30.398879209099  -8.239749811495   3.917735638109   0.231091329094   0.243075855963  -1.826445520949  -0.745544611510   1.361424492345   0.579222245555   0.606550636084   1.516941655150  -0.180314100164  -1.895123072236   3.182604690084 
 -0.811626367768   1.945255133512   3.766472481086   0.538587605359  -8.239749811495  16.868487931329 -17.092332475308   3.285427348516  -0.482569733587   3.470064905770   0.867478406106   7.514958021102  -0.658236772338  -1.798779856580  -1.188991262860   0.615923339394   2.398730207994 -14.101747304900 
 -0.441503521838  -1.860476690817  -3.043484194227  -1.530849271319   3.917735638109 -17.092332475308  27.949449762892  -0.884964249333   0.051003999788  -6.736103154396  -0.578846155601   1.887770370203   2.125415445218   2.708962246338   2.984606273643  -0.775845397822  -3.186202747467  18.362049890075 
 -3.033847394771   0.622346678920  -0.571710476611   1.245624761069   0.231091329094   3.285427348516  -0.884964249333   6.546673199035   2.735556755917  -0.190742007930  -0.982844646701   9.265962994996   3.052857806012  -0.675527410729   0.342252110249  -0.905028668160   0.806107047367  -0.663224759179 
 -3.849206112552  -0.444015126905   0.312346176469   2.290298231647   0.243075855963  -0.482569733587   0.051003999788   2.735556755917   8.422608829674  -0.363744178065  -3.223490690788   5.645908111644   3.805378862356  -0.048106979486   0.214254448512  -2.214729199475   1.797551273313  -0.038931628175 
 -0.571837024286   0.910106113049   2.416532474837   0.739482580742  -1.826445520949   3.470064905770  -6.736103154396  -0.190742007930  -0.363744178065   4.329544572559  -0.500471015803   1.567146703980   0.119701514524  -1.450869994721  -2.988721108337   0.443259997360   2.006250426329  -4.246994688447 
  3.138569017260   0.504844007238  -0.675025471696  -0.372839558856  -0.745544611510   0.867478406106  -0.578846155601  -0.982844646701  -3.223490690788  -0.500471015803   4.492141850165  -3.728781544995  -2.707907189442   0.167283200863  -0.334017006130   1.420247662239  -0.501573330209  -0.340120190343 
-21.230247402933  -0.127550942830   0.819231658258   4.396767642445   1.361424492345   7.514958021102   1.887770370203   9.265962994996   5.645908111644   1.567146703980  -3.728781544995  74.677651162265  20.041740661528  -6.534364958754   0.413974928748  -4.184366623667   3.500859769009  -3.441454085917 
 -7.349947334519  -0.974448303618   0.258863789565   1.987435310547   0.579222245555  -0.658236772338   2.125415445218   3.052857806012   3.805378862356   0.119701514524  -2.707907189442  20.041740661528   7.522881828325  -1.798024959343  -0.319924326848  -1.437471068859   3.835845951431   1.339622830013 
  2.480241925850  -0.353355445672  -0.947866975117  -0.507868381279   0.606550636084  -1.798779856580   2.708962246338  -0.675527410729  -0.048106979486  -1.450869994721   0.167283200863  -6.534364958754  -1.798024959343   2.084630144933   0.931154290680  -0.230422418768  -1.091966336442   2.190787468933 
 -0.250016106967  -0.678439045422  -2.380575783658  -0.508553260592   1.516941655150  -1.188991262860   2.984606273643   0.342252110249   0.214254448512  -2.988721108337  -0.334017006130   0.413974928748  -0.319924326848   0.931154290680   8.275269251350  -1.644662634594  -9.505453430060   0.805980659961 
  1.800945848457   0.373377826735  -0.076433592679  -0.516944587075  -0.180314100164   0.615923339394  -0.775845397822  -0.905028668160  -2.214729199475   0.443259997360   1.420247662239  -4.184366623667  -1.437471068859  -0.230422418768  -1.644662634594   3.334309036282   3.507941431472  -0.437769582772 
 -0.590256872738   0.663074782660   1.688412112369   0.985152557287  -1.895123072236   2.398730207994  -3.186202747467   0.806107047367   1.797551273313   2.006250426329  -0.501573330209   3.500859769009   3.835845951431  -1.091966336442  -9.505453430060   3.507941431472  38.152504366652  -2.182493088418 
  0.750710251325  -0.792408761005  -1.831913853846  -0.994585131947   3.182604690084 -14.101747304900  18.362049890075  -0.663224759179  -0.038931628175  -4.246994688447  -0.340120190343  -3.441454085917   1.339622830013   2.190787468933   0.805980659961  -0.437769582772  -2.182493088418  16.972414347543 

-86.707481716760  -3.500272408152   3.644701311318  20.671026829658   6.910062477050  22.798772532935   6.602117440561  41.640674044409  47.251735811835   4.710433796439 -25.085189503728 275.013845819309  81.214010012225 -22.815972055800   3.225675984323 -22.563560828243  15.771894821284 -12.566989381590 

CG
  6.153309596486   0.648336095365   0.244151801827  -1.769236868431  -2.193836063410   0.109885183272  -0.211815135791  -2.162771868074  -3.840450982342   0.110147052214   2.430785559508 -16.293621253553  -5.848272462246   0.986871189334  -0.455904298497   1.921916515115  -0.005502445486  -0.219593489224 
  0.648336095365   1.566011352269   1.386555860369  -0.006394064715  -1.747587313870   1.829933301400  -1.710454475893   0.913723933910  -0.300488310234   1.024930998504   0.586287353469   0.291156488061  -0.986871189334   0.351832334141  -0.989990185024   0.064758067079   0.270895633894   0.697994127650 
  0.244151801827   1.386555860369   6.472126301630   0.336182985370  -6.670150674854   2.657271486224  -3.328137826963  -0.345282708729   0.725558720132   2.391288959176  -0.634985281876   0.490599181647   0.455904298497  -0.989990185024  -2.148603619571   0.094632738312   1.325422085144  -1.509250386293 
 -1.769236868431  -0.006394064715   0.336182985370   2.472413074112  -0.175387311905   1.066251742841  -1.193129777885   0.884579024149   1.318624060324   0.224958842359  -0.302826779038   4.042267750993   1.921916515115  -0.064758067079  -0.094632738312  -0.515643044654   0.562017290714  -0.861474864315 
 -2.193836063410  -1.747587313870  -6.670150674854  -0.175387311905  33.547882306648  -3.457692112676   3.108547610827   0.275304551429   0.067994504228  -1.494254061332   0.298286401943   2.654806730092   0.005502445486   0.270895633894   1.325422085144  -0.562017290714  -2.035023098990   2.959074208964 
  0.109885183272   1.829933301400   2.657271486224   1.066251742841  -3.457692112676  15.384859628575 -14.035355834865   2.495708225082  -1.253950007530   3.580923432605   1.289963494070   6.941328499576   0.219593489224   0.697994127650  -1.509250386293   0.861474864315   2.959074208964  -7.130503878609 
 -0.211815135791  -1.710454475893  -3.328137826963  -1.193129777885   3.108547610827 -14.035355834865  21.967994536943   0.000000000000   0.000000000000  -6.810884863529   0.000000000000   0.000000000000  -0.211815135791   1.710454475893   3.328137826963  -1.193129777885  -3.108547610827  14.035355834865 
 -2.162771868074   0.913723933910  -0.345282708729   0.884579024149   0.275304551429   2.495708225082   0.000000000000   5.837245529594   2.334045988461   0.000000000000  -0.113697844272   7.721031791847   2.162771868074   0.913723933910  -0.345282708729  -0.884579024149   0.275304551429   2.495708225082 
 -3.840450982342  -0.300488310234   0.725558720132   1.318624060324   0.067994504228  -1.253950007530   0.000000000000   2.334045988461   7.119980322882  -0.000000000000  -3.412428227021   4.330619792783   3.840450982342  -0.300488310234   0.725558720132  -1.318624060324   0.067994504228  -1.253950007530 
  0.110147052214   1.024930998504   2.391288959176   0.224958842359  -1.494254061332   3.580923432605  -6.810884863529   0.000000000000  -0.000000000000   3.779134435857   0.000000000000  -0.000000000000   0.110147052214  -1.024930998504  -2.391288959176   0.224958842359   1.494254061332  -3.580923432605 
  2.430785559508   0.586287353469  -0.634985281876  -0.302826779038   0.298286401943   1.289963494070   0.000000000000  -0.113697844272  -3.412428227021   0.000000000000   6.062844342241  -3.204150823594  -2.430785559508   0.586287353469  -0.634985281876   0.302826779038   0.298286401943   1.289963494070 
-16.293621253553   0.291156488061   0.490599181647   4.042267750993   2.654806730092   6.941328499576   0.000000000000   7.721031791847   4.330619792783  -0.000000000000  -3.204150823594  65.774864326480  16.293621253553   0.291156488061   0.490599181647  -4.042267750993   2.654806730092   6.941328499576 
 -5.848272462246  -0.986871189334   0.455904298497   1.921916515115   0.005502445486   0.219593489224  -0.211815135791   2.162771868074   3.840450982342   0.110147052214  -2.430785559508  16.293621253553   6.153309596486  -0.648336095365  -0.244151801827  -1.769236868431   2.193836063410  -0.109885183272 
  0.986871189334   0.351832334141  -0.989990185024  -0.064758067079   0.270895633894   0.697994127650   1.710454475893   0.913723933910  -0.300488310234  -1.024930998504   0.586287353469   0.291156488061  -0.648336095365   1.566011352269   1.386555860369   0.006394064715  -1.747587313870   1.829933301400 
 -0.455904298497  -0.989990185024  -2.148603619571  -0.094632738312   1.325422085144  -1.509250386293   3.328137826963  -0.345282708729   0.725558720132  -2.391288959176  -0.634985281876   0.490599181647  -0.244151801827   1.386555860369   6.472126301630  -0.336182985370  -6.670150674854   2.657271486224 
  1.921916515115   0.064758067079   0.094632738312  -0.515643044654  -0.562017290714   0.861474864315  -1.193129777885  -0.884579024149  -1.318624060324   0.224958842359   0.302826779038  -4.042267750993  -1.769236868431   0.006394064715  -0.336182985370   2.472413074112   0.175387311905  -1.066251742841 
 -0.005502445486   0.270895633894   1.325422085144   0.562017290714  -2.035023098990   2.959074208964  -3.108547610827   0.275304551429   0.067994504228   1.494254061332   0.298286401943   2.654806730092   2.193836063410  -1.747587313870  -6.670150674854   0.175387311905  33.547882306648  -3.457692112676 
 -0.219593489224   0.697994127650  -1.509250386293  -0.861474864315   2.959074208964  -7.130503878609  14.035355834865   2.495708225082  -1.253950007530  -3.580923432605   1.289963494070   6.941328499576  -0.109885183272   1.829933301400   2.657271486224  -1.066251742841  -3.457692112676  15.384859628575 

-67.534599043537  -1.011921072005   4.406596439168  15.854246351435   9.125724303720  19.138343657672   0.000000000000  35.245675013418  38.039921826600   0.000000000000 -21.454982162880 233.746718700411  67.534599043537  -1.011921072005   4.406596439168 -15.854246351435   9.125724303720  19.138343657672 

CT
  8.573718796594   1.125072691601  -0.416592209514  -1.432679048880  -1.078687501060   0.747168021374  -2.917286179780  -1.725091298867  -3.399460047335  -1.781684463509   3.210208427954 -20.977591937745  -7.878394607900   2.711946081140   0.378849018182   1.482951883634  -0.662169821987  -0.409324660300 
  1.125072691601   1.902499836317   1.434514711527   0.077569006163  -2.946031807604   1.697712643028  -2.042296679187   0.086374880644   0.014818903717   0.333825942657   1.034925263747  -0.761578816445  -0.984910270904  -0.169204247388  -0.504558938232   0.075153534956   0.871414702389  -0.482916077333 
 -0.416592209514   1.434514711527   6.404541999340   0.151583710323  -6.482272258449   3.414143609882  -2.499660393730  -0.922939961087  -0.384287030534   3.078894090389  -1.439485658058   1.512819912896   0.701268235156  -1.440611306658  -2.789861174443   0.348581035310   1.083119347673  -1.896142772308 
 -1.432679048880   0.077569006163   0.151583710323   3.217047403921  -0.443723111664   1.484111363604  -2.265907314110   0.960217885554   2.580167869951  -0.040718383442   0.160265038167   4.206597176345   1.848794558377   0.042911022241  -0.089152059121  -1.440840721929   1.436831708976  -1.256712104535 
 -1.078687501060  -2.946031807604  -6.482272258449  -0.443723111664  30.581732221569  -4.694984326666   3.380508851437   1.000216612408   0.269916708908  -1.551163979826  -1.346170831315   1.033771271772   0.277422831090   0.573275713963   1.609106276921  -0.415990891646  -1.867517785968   2.500839958920 
  0.747168021374   1.697712643028   3.414143609882   1.484111363604  -4.694984326666  16.533702265509 -18.103544893373   2.610070585304   0.456739033145   2.913716740052  -0.104886869473   5.257704207610  -1.437109494640   0.105347497889  -0.335681576288  -0.199278138355   2.307049690603 -14.113426875801 
 -2.917286179780  -2.042296679187  -2.499660393730  -2.265907314110   3.380508851437 -18.103544893373  31.542855492776  -0.850811020806  -2.010426786118  -5.054403702382   0.330923252715   6.209185664192   4.251138482519   0.653551564916   1.856752048848   0.366778389469  -3.431484399200  20.307998480389 
 -1.725091298867   0.086374880644  -0.922939961087   0.960217885554   1.000216612408   2.610070585304  -0.850811020806   6.617372337281   3.027841744566  -0.501730749145  -1.660223258660   5.639535670312   2.232303477272   1.010809975454   0.470822538336  -0.869358261171   0.623025389077  -0.043480456362 
 -3.399460047335   0.014818903717  -0.384287030534   2.580167869951   0.269916708908   0.456739033145  -2.010426786118   3.027841744566   9.549036465512  -1.176347716082  -3.138849021694   5.071633290414   3.412832130480   0.427953580386   1.218607939915  -2.382471960314   2.111022252135  -1.268620086550 
 -1.781684463509   0.333825942657   3.078894090389  -0.040718383442  -1.551163979826   2.913716740052  -5.054403702382  -0.501730749145  -1.176347716082   5.507591584873  -1.542668959227   4.090837290141   1.195057644807  -1.775122288590  -3.530699976332  -0.305622768296   1.419494691112  -3.805618702320 
  3.210208427954   1.034925263747  -1.439485658058   0.160265038167  -1.346170831315  -0.104886869473   0.330923252715  -1.660223258660  -3.138849021694  -1.542668959227   6.170887151603  -3.742781656629  -2.576179769309   0.267322219969  -0.041900604357   0.838300177337  -0.458650307669   1.355775972877 
-20.977591937745  -0.761578816445   1.512819912896   4.206597176345   1.033771271772   5.257704207610   6.209185664192   5.639535670312   5.071633290414   4.090837290141  -3.742781656629  72.702402141047  21.079136642006  -5.638979938466  -0.549258883065  -3.427430225360   4.133808217526  -1.416430304662 
 -7.878394607900  -0.984910270904   0.701268235156   1.848794558377   0.277422831090  -1.437109494640   4.251138482519   2.232303477272   3.412832130480   1.195057644807  -2.576179769309  21.079136642006   8.143776298842  -1.997593359452  -0.205782036680  -1.467691352422   1.912774783999   2.132987560370 
  2.711946081140  -0.169204247388  -1.440611306658   0.042911022241   0.573275713963   0.105347497889   0.653551564916   1.010809975454   0.427953580386  -1.775122288590   0.267322219969  -5.638979938466  -1.997593359452   2.406929817050   1.368911897923  -0.317387842295  -0.745709446904   1.134325718881 
  0.378849018182  -0.504558938232  -2.789861174443  -0.089152059121   1.609106276921  -0.335681576288   1.856752048848   0.470822538336   1.218607939915  -3.530699976332  -0.041900604357  -0.549258883065  -0.205782036680   1.368911897923   3.837433312026  -0.472525506776  -4.621341706504   0.933143330482 
  1.482951883634   0.075153534956   0.348581035310  -1.440840721929  -0.415990891646  -0.199278138355   0.366778389469  -0.869358261171  -2.382471960314  -0.305622768296   0.838300177337  -3.427430225360  -1.467691352422  -0.317387842295  -0.472525506776   3.587668842940   2.209705677699   0.436064246072 
 -0.662169821987   0.871414702389   1.083119347673   1.436831708976  -1.867517785968   2.307049690603  -3.431484399200   0.623025389077   2.111022252135   1.419494691112  -0.458650307669   4.133808217526   1.912774783999  -0.745709446904  -4.621341706504   2.209705677699  29.517035256821  -2.660257258062 
 -0.409324660300  -0.482916077333  -1.896142772308  -1.256712104535   2.500839958920 -14.113426875801  20.307998480389  -0.043480456362  -1.268620086550  -3.805618702320   1.355775972877  -1.416430304662   2.132987560370   1.134325718881   0.933143330482   0.436064246072  -2.660257258062  18.018644523552 

-87.007514112177  -6.006699463110   5.076733062200  18.976471881659   6.444338502250  15.768855629184  19.819048565431  29.155349214969  47.153725886699  11.936377681714 -27.199945427523 268.544297208519  85.321336945798 -19.919862075095   1.616951723635 -18.261216404339  17.701904734824  -7.675775462395 

GA
  7.477540287953   1.880490486119   0.545986939900  -1.755481574999  -3.043294767573  -0.901187009265   1.783507779640  -2.786533039417  -4.256467059203   0.243677340584   2.436552283026 -19.380030223863  -7.129044531765   1.320172974830   0.141554959384   2.141186417871  -0.710852659599   0.535893691165 
  1.880490486119   2.195935511725   1.078787000277   0.216036130116  -1.149231632225   2.296898845182  -2.702590400255  -1.156130506526  -0.040577282641   1.611049449671   0.023612482935  -7.507079729072  -2.400734146811  -0.575534552405  -0.722120793757   0.532393567263   0.647755404557  -2.592455901108 
  0.545986939900   1.078787000277   7.249729482477   0.900537175012  -7.995404062428   1.265648865009  -2.822213769568   0.363619271179  -0.638456950773   2.935530710066  -0.141381142671   0.190020947059  -0.017569830993  -0.531193906095  -2.314978273658   0.391729304446   1.303828317143  -1.152085192705 
 -1.755481574999   0.216036130116   0.900537175012   3.070621541632  -2.071879260930   0.244619409355   0.105291205286   1.468580037347   2.269178194361  -0.427632806023  -1.197825399978   5.117939727900   1.908600729267  -0.247707665880   0.258260137526  -1.135016380827   0.614135731269   0.902474426517 
 -3.043294767573  -1.149231632225  -7.995404062428  -2.071879260930  33.218016517959  -3.667458400429   1.524146457844   0.272092194793   1.676957965795  -1.405051721626   0.537483071744   2.416126615697   0.272337138660   0.572073662000   1.125468450614  -1.275510707593  -2.122738999952   1.172168239793 
 -0.901187009265   2.296898845182   1.265648865009   0.244619409355  -3.667458400429  16.802336302700 -17.261186524974  -1.595261371396   0.242395975424   4.829425802565   0.262984197393  -6.041936426297  -0.045504755363  -1.468746832205  -1.197383526173   1.204564509917   1.450086995746 -14.737650084395 
  1.783507779640  -2.702590400255  -2.822213769568   0.105291205286   1.524146457844 -17.261186524974  27.167343915279   1.146732012337  -0.047292744667  -6.882001120737   0.507282649450  -2.415667788381  -1.453147619377   1.914097027739   2.411107786557  -1.265964833674  -2.614966342317  17.753233828899 
 -2.786533039417  -1.156130506526   0.363619271179   1.468580037347   0.272092194793  -1.595261371396   1.146732012337   6.541642752762   3.318677828460  -0.114187679941  -1.381842918791   8.227492245880   2.727160721415  -0.199485146301  -0.703957516531  -0.977191730466   0.446489375096   3.408369279821 
 -4.256467059203  -0.040577282641  -0.638456950773   2.269178194361   1.676957965795   0.242395975424  -0.047292744667   3.318677828460   8.907802388066  -0.951325677967  -3.924521452290   6.613800239624   3.938868822150  -0.600783987507   0.755573491448  -2.607484062599   0.505800768387   0.127808711292 
  0.243677340584   1.611049449671   2.935530710066  -0.427632806023  -1.405051721626   4.829425802565  -6.882001120737  -0.114187679941  -0.951325677967   4.981394914520   1.314995839907  -1.761900818849  -0.654826670798  -0.746070287207  -2.729909818458   1.287730158710   0.970599125964  -4.192019874295 
  2.436552283026   0.023612482935  -0.141381142671  -1.197825399978   0.537483071744   0.262984197393   0.507282649450  -1.381842918791  -3.924521452290   1.314995839907   5.720332103264  -3.859942800967  -2.732550073037   0.531244555302  -0.620202890130   0.772878109501  -0.526254992445   0.363739311620 
-19.380030223863  -7.507079729072   0.190020947059   5.117939727900   2.416126615697  -6.041936426298  -2.415667788381   8.227492245880   6.613800239624  -1.761900818849  -3.859942800967  74.355544393619  20.267943642949  -0.691545680418  -0.190830809721  -4.969978328264   2.430851513935   6.481823597152 
 -7.129044531765  -2.400734146811  -0.017569830993   1.908600729267   0.272337138660  -0.045504755363  -1.453147619377   2.727160721415   3.938868822150  -0.654826670798  -2.732550073037  20.267943642949   7.679467241248  -0.781726524177   0.247513380913  -1.745250179892   0.502759646888  -0.391408611237 
  1.320172974830  -0.575534552405  -0.531193906095  -0.247707665880   0.572073662000  -1.468746832205   1.914097027739  -0.199485146301  -0.600783987507  -0.746070287207   0.531244555302  -0.691545680418  -0.781726524177   1.937212872985   0.819964965031   0.063784525503  -0.738204762065   1.260984200378 
  0.141554959384  -0.722120793757  -2.314978273658   0.258260137526   1.125468450614  -1.197383526173   2.411107786557  -0.703957516531   0.755573491448  -2.729909818458  -0.620202890130  -0.190830809721   0.247513380913   0.819964965031   3.531456252439   0.014063478639  -0.555737390230   0.394196060941 
  2.141186417871   0.532393567263   0.391729304446  -1.135016380827  -1.275510707593   1.204564509917  -1.265964833674  -0.977191730466  -2.607484062599   1.287730158710   0.772878109501  -4.969978328264  -1.745250179892   0.063784525503   0.014063478639   4.093141230440  -1.479163015198  -1.084208530104 
 -0.710852659599   0.647755404557   1.303828317143   0.614135731269  -2.122738999952   1.450086995746  -2.614966342317   0.446489375096   0.505800768387   0.970599125964  -0.526254992445   2.430851513935   0.502759646888  -0.738204762065  -0.555737390230  -1.479163015198  22.734859962655   0.154271926925 
  0.535893691165  -2.592455901108  -1.152085192705   0.902474426517   1.172168239793 -14.737650084395  17.753233828899   3.408369279821   0.127808711292  -4.192019874295   0.363739311620   6.481823597152  -0.391408611237   1.260984200378   0.394196060941  -1.084208530104   0.154271926925  17.680643745478 

-80.617985007363 -26.402367988080  -1.352829633434  26.033447218610  12.525699361789 -21.785111205426  -7.712497701205  40.189048486119  53.170944052276 -11.138009745654 -27.636487792369 277.383581793728  83.390918437237  -5.626700352565   2.522823055718 -25.074651867878  10.804104335967  23.822115935766 

GC
  8.825838258704   1.512568264192   0.116781838937  -1.633728091584  -2.265914689121  -1.723908682768   1.634517311235  -3.895292061358  -3.269053127319  -0.528129474169   2.158797078801 -23.217210187479  -7.998181055516   2.663082511795   0.241731440766   2.119279506382  -0.488241296667   1.758233869948 
  1.512568264192   2.093610285533   0.526064682245  -0.207637588095  -0.317509498441   2.531859522226  -3.523827450716  -0.804615831207   0.108633792047   1.534000319633   0.128882842747  -5.561603129409  -2.663082511795  -0.795148087069  -0.757628352776   0.104613848637   0.653656053128  -2.887977575265 
  0.116781838937   0.526064682245   7.070111747257   0.890417832492  -6.763237873067   0.349498717778  -2.353513854603  -0.281338198387  -0.004597495825   2.551522780235  -0.154265977725  -0.277697847186  -0.241731440766  -0.757628352776  -2.295194917665  -0.223371359272   1.317005208967  -1.195411202168 
 -1.633728091584  -0.207637588095   0.890417832492   3.675700905103  -2.548918061522  -0.402058031143   0.117461300151   1.175273837161   2.467604242986  -0.135971149152  -0.851706026431   4.306872668886   2.119279506382  -0.104613848637   0.223371359272  -1.218787437756   1.270457081053   0.303917982522 
 -2.265914689121  -0.317509498441  -6.763237873067  -2.548918061522  34.058540404556  -0.039318170457   3.497269694309   0.413666057042   1.518007760740  -0.954618290327  -0.455649737339   2.533633518598   0.488241296667   0.653656053128   1.317005208967  -1.270457081053  -2.985591601701   1.786729457236 
 -1.723908682768   2.531859522226   0.349498717778  -0.402058031143  -0.039318170457  17.719985695974 -20.150653440101   0.628959964913   0.582739878528   3.423579669723  -0.440693999418  -1.016266569900  -1.758233869948  -2.887977575265  -1.195411202168  -0.303917982522   1.786729457236 -15.808873113021 
  1.634517311235  -3.523827450716  -2.353513854603   0.117461300151   3.497269694309 -20.150653440101  30.602216567013   0.000000000000  -0.000000000000  -6.150631362596  -0.000000000000   0.000000000000   1.634517311235   3.523827450716   2.353513854603   0.117461300151  -3.497269694309  20.150653440101 
 -3.895292061358  -0.804615831207  -0.281338198387   1.175273837161   0.413666057042   0.628959964913   0.000000000000   7.053667467908   2.639135366169   0.000000000000  -0.270246428598  12.129138535702   3.895292061358  -0.804615831207  -0.281338198387  -1.175273837161   0.413666057042   0.628959964913 
 -3.269053127319   0.108633792047  -0.004597495825   2.467604242986   1.518007760740   0.582739878528  -0.000000000000   2.639135366169   8.232456674224  -0.000000000000  -2.166122645615   4.136636133912   3.269053127319   0.108633792047  -0.004597495825  -2.467604242986   1.518007760740   0.582739878528 
 -0.528129474169   1.534000319633   2.551522780235  -0.135971149152  -0.954618290327   3.423579669723  -6.150631362596   0.000000000000  -0.000000000000   4.552846451940   0.000000000000  -0.000000000000  -0.528129474169  -1.534000319633  -2.551522780235  -0.135971149152   0.954618290327  -3.423579669723 
  2.158797078801   0.128882842747  -0.154265977725  -0.851706026431  -0.455649737339  -0.440693999418  -0.000000000000  -0.270246428598  -2.166122645615   0.000000000000   5.143374317398  -0.984296649182  -2.158797078801   0.128882842747  -0.154265977725   0.851706026431  -0.455649737339  -0.440693999418 
-23.217210187479  -5.561603129409  -0.277697847186   4.306872668886   2.533633518598  -1.016266569900   0.000000000000  12.129138535702   4.136636133912  -0.000000000000  -0.984296649182  80.530159153398  23.217210187479  -5.561603129409  -0.277697847186  -4.306872668886   2.533633518598  -1.016266569900 
 -7.998181055516  -2.663082511795  -0.241731440766   2.119279506382   0.488241296667  -1.758233869948   1.634517311235   3.895292061358   3.269053127319  -0.528129474169  -2.158797078801  23.217210187479   8.825838258704  -1.512568264192  -0.116781838937  -1.633728091584   2.265914689121   1.723908682768 
  2.663082511795  -0.795148087069  -0.757628352776  -0.104613848637   0.653656053128  -2.887977575265   3.523827450716  -0.804615831207   0.108633792047  -1.534000319633   0.128882842747  -5.561603129409  -1.512568264192   2.093610285533   0.526064682245   0.207637588095  -0.317509498441   2.531859522226 
  0.241731440766  -0.757628352776  -2.295194917665   0.223371359272   1.317005208967  -1.195411202168   2.353513854603  -0.281338198387  -0.004597495825  -2.551522780235  -0.154265977725  -0.277697847186  -0.116781838937   0.526064682245   7.070111747257  -0.890417832492  -6.763237873067   0.349498717778 
  2.119279506382   0.104613848637  -0.223371359272  -1.218787437756  -1.270457081053  -0.303917982522   0.117461300151  -1.175273837161  -2.467604242986  -0.135971149152   0.851706026431  -4.306872668886  -1.633728091584   0.207637588095  -0.890417832492   3.675700905103   2.548918061522   0.402058031143 
 -0.488241296667   0.653656053128   1.317005208967   1.270457081053  -2.985591601701   1.786729457236  -3.497269694309   0.413666057042   1.518007760740   0.954618290327  -0.455649737339   2.533633518598   2.265914689121  -0.317509498441  -6.763237873067   2.548918061522  34.058540404555  -0.039318170457 
  1.758233869948  -2.887977575265  -1.195411202168   0.303917982522   1.786729457236 -15.808873113021  20.150653440101   0.628959964913   0.582739878528  -3.423579669723  -0.440693999418  -1.016266569900   1.723908682768   2.531859522226   0.349498717778   0.402058031143  -0.039318170457  17.719985695974 

-91.365115181625 -18.756322549493  -0.255698875061  23.369567089117  13.338701266315  -0.666764325370   0.000000000000  49.719787476729  40.605524227972   0.000000000000 -12.765950105321 290.313318449498  91.365115181625 -18.756322549493  -0.255698875061 -23.369567089117  13.338701266315  -0.666764325370 

GG
  7.522881828325   1.798024959343   0.319924326848  -1.437471068859  -3.835845951431  -1.339622830013   2.125415445218  -3.052857806012  -3.805378862356   0.119701514524   2.707907189442 -20.041740661528  -7.349947334519   0.974448303618  -0.258863789565   1.987435310547  -0.579222245555   0.658236772338 
  1.798024959343   2.084630144933   0.931154290680   0.230422418768  -1.091966336442   2.190787468933  -2.708962246338  -0.675527410729  -0.048106979486   1.450869994721   0.167283200863  -6.534364958754  -2.480241925850  -0.353355445672  -0.947866975117   0.507868381279   0.606550636084  -1.798779856580 
  0.319924326848   0.931154290680   8.275269251350   1.644662634594  -9.505453430060   0.805980659961  -2.984606273643   0.342252110249   0.214254448512   2.988721108337  -0.334017006130   0.413974928748   0.250016106967  -0.678439045422  -2.380575783658   0.508553260592   1.516941655150  -1.188991262860 
 -1.437471068859   0.230422418768   1.644662634594   3.334309036282  -3.507941431472   0.437769582772  -0.775845397822   0.905028668160   2.214729199475   0.443259997360  -1.420247662239   4.184366623667   1.800945848457  -0.373377826735   0.076433592679  -0.516944587075   0.180314100164  -0.615923339394 
 -3.835845951431  -1.091966336442  -9.505453430060  -3.507941431472  38.152504366652  -2.182493088418   3.186202747467   0.806107047367   1.797551273313  -2.006250426329  -0.501573330209   3.500859769009   0.590256872738   0.663074782660   1.688412112369  -0.985152557287  -1.895123072236   2.398730207994 
 -1.339622830013   2.190787468933   0.805980659961   0.437769582772  -2.182493088418  16.972414347543 -18.362049890075  -0.663224759179  -0.038931628175   4.246994688447  -0.340120190343  -3.441454085917  -0.750710251325  -0.792408761005  -1.831913853846   0.994585131947   3.182604690084 -14.101747304900 
  2.125415445218  -2.708962246338  -2.984606273643  -0.775845397822   3.186202747467 -18.362049890075  27.949449762892   0.884964249333  -0.051003999788  -6.736103154396   0.578846155601  -1.887770370203  -0.441503521838   1.860476690817   3.043484194227  -1.530849271319  -3.917735638109  17.092332475308 
 -3.052857806012  -0.675527410729   0.342252110249   0.905028668160   0.806107047367  -0.663224759179   0.884964249333   6.546673199035   2.735556755917   0.190742007930  -0.982844646701   9.265962994996   3.033847394771   0.622346678920  -0.571710476611  -1.245624761069   0.231091329094   3.285427348516 
 -3.805378862356  -0.048106979486   0.214254448512   2.214729199475   1.797551273313  -0.038931628175  -0.051003999788   2.735556755917   8.422608829674   0.363744178065  -3.223490690788   5.645908111644   3.849206112552  -0.444015126905   0.312346176469  -2.290298231647   0.243075855963  -0.482569733587 
  0.119701514524   1.450869994721   2.988721108337   0.443259997360  -2.006250426329   4.246994688447  -6.736103154396   0.190742007930   0.363744178065   4.329544572559   0.500471015803  -1.567146703980  -0.571837024286  -0.910106113049  -2.416532474837   0.739482580742   1.826445520949  -3.470064905770 
  2.707907189442   0.167283200863  -0.334017006130  -1.420247662239  -0.501573330209  -0.340120190343   0.578846155601  -0.982844646701  -3.223490690788   0.500471015803   4.492141850165  -3.728781544995  -3.138569017260   0.504844007238  -0.675025471696   0.372839558856  -0.745544611510   0.867478406106 
-20.041740661528  -6.534364958754   0.413974928748   4.184366623667   3.500859769009  -3.441454085917  -1.887770370203   9.265962994996   5.645908111644  -1.567146703980  -3.728781544995  74.677651162265  21.230247402933  -0.127550942830   0.819231658258  -4.396767642445   1.361424492345   7.514958021102 
 -7.349947334519  -2.480241925850   0.250016106967   1.800945848457   0.590256872738  -0.750710251325  -0.441503521838   3.033847394771   3.849206112552  -0.571837024286  -3.138569017260  21.230247402933   8.078158887157  -0.747318144207  -0.323095540975  -2.115617366428   2.850406394019   0.811626367768 
  0.974448303618  -0.353355445672  -0.678439045422  -0.373377826735   0.663074782660  -0.792408761005   1.860476690817   0.622346678920  -0.444015126905  -0.910106113049   0.504844007238  -0.127550942830  -0.747318144207   1.708219225404   1.834561227382   0.173440342893  -2.789292657979   1.945255133512 
 -0.258863789565  -0.947866975117  -2.380575783658   0.076433592679   1.688412112369  -1.831913853846   3.043484194227  -0.571710476611   0.312346176469  -2.416532474837  -0.675025471696   0.819231658258  -0.323095540975   1.834561227382   5.710918273879  -0.429121612588  -4.945894658542   3.766472481086 
  1.987435310547   0.507868381279   0.508553260592  -0.516944587075  -0.985152557287   0.994585131947  -1.530849271319  -1.245624761069  -2.290298231647   0.739482580742   0.372839558856  -4.396767642445  -2.115617366428   0.173440342893  -0.429121612588   3.299323491682   0.204389578619  -0.538587605359 
 -0.579222245555   0.606550636084   1.516941655150   0.180314100164  -1.895123072236   3.182604690084  -3.917735638109   0.231091329094   0.243075855963   1.826445520949  -0.745544611510   1.361424492345   2.850406394019  -2.789292657979  -4.945894658542   0.204389578619  30.398879209099  -8.239749811495 
  0.658236772338  -1.798779856580  -1.188991262860  -0.615923339394   2.398730207994 -14.101747304900  17.092332475308   3.285427348516  -0.482569733587  -3.470064905770   0.867478406106   7.514958021102   0.811626367768   1.945255133512   3.766472481086  -0.538587605359  -8.239749811495  16.868487931329 

-81.214010012225 -22.815972055800   3.225675984323  22.563560828243  15.771894821284 -12.566989381590  -6.602117440561  41.640674044409  47.251735811835  -4.710433796439 -25.085189503728 275.013845819309  86.707481716760  -3.500272408152   3.644701311318 -20.671026829658   6.910062477050  22.798772532935 

GT
  9.387008306957   1.354699222917  -0.548059403815  -1.515900526886  -0.525661788132  -1.569108600642   0.402478700814  -2.445291949878  -2.979850780987  -1.721955309118   2.403392471934 -23.641805422015  -8.597338347269   3.012946646543   0.811888863946   1.548800843416  -0.454346849244   1.560728545288 
  1.354699222917   1.964999964003   0.326867279064  -0.094437206374  -0.163716361070   2.120268008432  -3.135696493807  -1.220749695595   0.308930038813   1.164397271885   0.058367880606  -5.388681501335  -2.446694460514  -0.652830869723  -0.440568593911   0.166367288984   0.309117250052  -2.738476710725 
 -0.548059403815   0.326867279064   7.400238318291   1.094847813086  -8.370457892296   0.013972171689  -1.716519399911  -0.818632925512  -0.358076219817   2.749218499193  -1.063437415890   0.617142799164   0.275118822976  -0.934990824787  -2.680451481108   0.267814228449   1.030198912590  -1.143884458040 
 -1.515900526886  -0.094437206374   1.094847813086   3.582478018891  -2.399536347192  -0.017369809999  -1.104267450863   1.466627953928   3.101806729749  -0.333510333307  -0.582833360307   4.583579087891   1.784349822243  -0.209831452010   0.341352422095  -0.662180857510   1.024995594760  -0.430485805651 
 -0.525661788132  -0.163716361070  -8.370457892296  -2.399536347192  30.227397023748   0.943875550095   3.387083446859   0.757219914909   1.103603678696  -1.003415910886  -0.826211045599   1.561160937781  -0.078983149797   0.663449731846   1.457077243252  -0.905403897322  -2.597667601647   0.632644709876 
 -1.569108600642   2.120268008432   0.013972171689  -0.017369809999   0.943875550095  19.385129767986 -22.049794867113   0.187936660262   1.338360907871   3.900203681216  -0.450038852380  -1.298960721422  -2.219988866611  -1.550916354338  -0.746647834325  -1.156970381731   0.326164914719 -17.788044281803 
  0.402478700814  -3.135696493807  -1.716519399911  -1.104267450863   3.387083446859 -22.049794867113  34.824082048107  -0.540690279753  -2.159113790229  -4.822926116017   1.043712910098   1.927476876249   2.489881413104   1.121583450285   1.442852383308   0.605085320830  -3.106947783570  22.363254200197 
 -2.445291949878  -1.220749695595  -0.818632925512   1.466627953928   0.757219914909   0.187936660262  -0.540690279753   7.200435868759   3.389343682722  -0.309400903821  -0.379596357659   8.771504326034   2.986069887526   0.295206322204  -0.037823712155  -1.635799230034   0.402661668746   1.059266855392 
 -2.979850780987   0.308930038813  -0.358076219817   3.101806729749   1.103603678696   1.338360907871  -2.159113790229   3.389343682722  10.599264949279  -0.885742006009  -2.864510008589   3.942637006528   3.124709423195   0.176801797748   1.045814474484  -2.572932707153   1.917801125347  -0.482101637865 
 -1.721955309118   1.164397271885   2.749218499193  -0.333510333307  -1.003415910886   3.900203681216  -4.822926116017  -0.309400903821  -0.885742006009   4.751833168861  -0.722391441304   1.367267012464   0.418271288399  -1.777907762507  -3.137057600755  -0.338019480878   0.857221820751  -3.309361911983 
  2.403392471934   0.058367880606  -1.063437415890  -0.582833360307  -0.826211045599  -0.450038852380   1.043712910098  -0.379596357659  -2.864510008589  -0.722391441304   7.892359257764  -0.727182360155  -2.404132850545   0.223836508277   0.146738564768   0.215298299587  -1.131628384643   1.010708550545 
-23.641805422015  -5.388681501335   0.617142799164   4.583579087891   1.561160937781  -1.298960721422   1.927476876249   8.771504326034   3.942637006528   1.367267012464  -0.727182360155  81.817492064256  24.626898098321  -5.497411018724  -0.955170994890  -3.387428560326   3.544001272995   0.082248602589 
 -8.597338347269  -2.446694460514   0.275118822976   1.784349822243  -0.078983149797  -2.219988866611   2.489881413104   2.986069887526   3.124709423195   0.418271288399  -2.404132850545  24.626898098321   9.615028706661  -2.095929831634  -0.522912470362  -1.323804326250   1.677511555571   2.180393243218 
  3.012946646543  -0.652830869723  -0.934990824787  -0.209831452010   0.663449731846  -1.550916354338   1.121583450285   0.295206322204   0.176801797748  -1.777907762507   0.223836508277  -5.497411018724  -2.095929831634   2.427598127781   1.187523130319  -0.176532385882  -0.230300437891   1.355047383938 
  0.811888863946  -0.440568593911  -2.680451481108   0.341352422095   1.457077243252  -0.746647834325   1.442852383308  -0.037823712155   1.045814474484  -3.137057600755   0.146738564768  -0.955170994890  -0.522912470362   1.187523130319   3.914103124893  -0.262551875421  -1.235265996615   0.431298908503 
  1.548800843416   0.166367288984   0.267814228449  -0.662180857510  -0.905403897322  -1.156970381731   0.605085320830  -1.635799230034  -2.572932707153  -0.338019480878   0.215298299587  -3.387428560326  -1.323804326250  -0.176532385882  -0.262551875421   3.744952815314   2.013716621203   0.349140904328 
 -0.454346849244   0.309117250052   1.030198912590   1.024995594760  -2.597667601647   0.326164914719  -3.106947783570   0.402661668746   1.917801125347   0.857221820751  -1.131628384643   3.544001272995   1.677511555571  -0.230300437891  -1.235265996615   2.013716621203  28.327534219119  -1.138950450445 
  1.560728545288  -2.738476710725  -1.143884458040  -0.430485805651   0.632644709876 -17.788044281803  22.363254200197   1.059266855392  -0.482101637865  -3.309361911983   1.010708550545   0.082248602589   2.180393243218   1.355047383938   0.431298908503   0.349140904328  -1.138950450445  19.422247043524 

-94.479823789132 -18.048160813811   2.961285962392  25.816674504404   9.171435627159  -0.694676161131   4.025533102866  40.076773414388  46.238639043099   2.474007728704 -16.278176453240 296.654540723570  97.456856475968 -19.925098034245  -0.595514062659 -18.714780298241  16.849430506994   0.506643332340 

TA
  5.767310975282   0.714122777892  -0.098869749995  -1.195882346958  -1.014237890676   0.728557787595  -0.419871679099  -1.975305549789  -3.643686744720   0.034044760512   2.638811474697 -14.677427682380  -5.437735842448   0.994955222511  -0.055952659945   1.387896449534  -0.284703461565  -0.116831653484 
  0.714122777892   1.577170766928   1.027599175490   0.128867272979   0.225574909890   1.383904515255  -1.685706284383   0.079660308679  -0.355593111163   1.008446437267   0.469242666387  -0.517188288850  -0.994955222511  -0.000833065081  -0.904499562395   0.414137774128   0.442516036333  -0.012222832315 
 -0.098869749995   1.027599175490   3.656567880851  -0.216238853061  -3.210586595565   0.240223877620  -2.992688290091  -0.558874682405   0.412043248631   2.300205187492  -0.548882340603  -0.273767939651   0.055952659945  -0.904499562395  -2.065543605309   0.195636943051   1.249547980031  -1.734160275921 
 -1.195882346958   0.128867272979  -0.216238853061   3.234470088651   1.313679162564   0.439624822240  -1.439105596914   0.476189790779   1.523430723454   0.403835154037  -0.553108214573   2.640202051196   1.387896449534  -0.414137774128  -0.195636943051  -0.019214581866   0.646622520543  -1.173669046786 
 -1.014237890676   0.225574909890  -3.210586595565   1.313679162564  21.940824094182  -0.187550339604   2.483274284926   0.470229733407   0.090412837625  -1.341913781548  -0.112810964892   3.499857451580   0.284703461565   0.442516036333   1.249547980031  -0.646622520543  -1.485815618682   2.417301281677 
  0.728557787595   1.383904515255   0.240223877620   0.439624822240  -0.187550339604  15.001638920282 -13.862872466166   1.717822892384  -1.210334182473   3.857162518608   2.315349799195   4.860392405700   0.116831653484  -0.012222832315  -1.734160275921   1.173669046786   2.417301281677  -7.286237303328 
 -0.419871679099  -1.685706284383  -2.992688290091  -1.439105596914   2.483274284926 -13.862872466166  21.224052520693   0.000000000000   0.000000000000  -6.022975743057   0.000000000000   0.000000000000  -0.419871679099   1.685706284383   2.992688290091  -1.439105596914  -2.483274284926  13.862872466166 
 -1.975305549789   0.079660308679  -0.558874682405   0.476189790779   0.470229733407   1.717822892384   0.000000000000   5.150180282029   3.213392404747  -0.000000000000   0.300430604627   4.940968535583   1.975305549789   0.079660308679  -0.558874682405  -0.476189790779   0.470229733407   1.717822892384 
 -3.643686744720  -0.355593111163   0.412043248631   1.523430723454   0.090412837625  -1.210334182473   0.000000000000   3.213392404747   7.894350779844   0.000000000000  -4.117802511664   3.573479606244   3.643686744720  -0.355593111163   0.412043248631  -1.523430723454   0.090412837625  -1.210334182473 
  0.034044760512   1.008446437267   2.300205187492   0.403835154037  -1.341913781548   3.857162518608  -6.022975743057  -0.000000000000   0.000000000000   3.018975743080   0.000000000000   0.000000000000   0.034044760512  -1.008446437267  -2.300205187492   0.403835154037   1.341913781548  -3.857162518608 
  2.638811474697   0.469242666387  -0.548882340603  -0.553108214573  -0.112810964892   2.315349799195   0.000000000000   0.300430604627  -4.117802511664   0.000000000000   6.211657100507  -2.508740561159  -2.638811474697   0.469242666387  -0.548882340603   0.553108214573  -0.112810964892   2.315349799195 
-14.677427682380  -0.517188288850  -0.273767939651   2.640202051196   3.499857451580   4.860392405700   0.000000000000   4.940968535583   3.573479606244   0.000000000000  -2.508740561159  56.759951271588  14.677427682380  -0.517188288850  -0.273767939651  -2.640202051196   3.499857451580   4.860392405700 
 -5.437735842448  -0.994955222511   0.055952659945   1.387896449534   0.284703461565   0.116831653484  -0.419871679099   1.975305549789   3.643686744720   0.034044760512  -2.638811474697  14.677427682380   5.767310975282  -0.714122777892   0.098869749995  -1.195882346958   1.014237890676  -0.728557787595 
  0.994955222511  -0.000833065081  -0.904499562395  -0.414137774128   0.442516036333  -0.012222832315   1.685706284383   0.079660308679  -0.355593111163  -1.008446437267   0.469242666387  -0.517188288850  -0.714122777892   1.577170766928   1.027599175490  -0.128867272979   0.225574909890   1.383904515255 
 -0.055952659945  -0.904499562395  -2.065543605309  -0.195636943051   1.249547980031  -1.734160275921   2.992688290091  -0.558874682405   0.412043248631  -2.300205187492  -0.548882340603  -0.273767939651   0.098869749995   1.027599175490   3.656567880851   0.216238853061  -3.210586595565   0.240223877620 
  1.387896449534   0.414137774128   0.195636943051  -0.019214581866  -0.646622520543   1.173669046786  -1.439105596914  -0.476189790779  -1.523430723454   0.403835154037   0.553108214573  -2.640202051196  -1.195882346958  -0.128867272979   0.216238853061   3.234470088651  -1.313679162564  -0.439624822240 
 -0.284703461565   0.442516036333   1.249547980031   0.646622520543  -1.485815618682   2.417301281677  -2.483274284926   0.470229733407   0.090412837625   1.341913781548  -0.112810964892   3.499857451580   1.014237890676   0.225574909890  -3.210586595565  -1.313679162564  21.940824094182  -0.187550339604 
 -0.116831653484  -0.012222832315  -1.734160275921  -1.173669046786   2.417301281677  -7.286237303328  13.862872466166   1.717822892384  -1.210334182473  -3.857162518608   2.315349799195   4.860392405700  -0.728557787595   1.383904515255   0.240223877620  -0.439624822240  -0.187550339604  15.001638920282 

-61.132920641588  -3.485153236908   0.559704558857  12.958836585521  11.412307939147  12.119684642689   0.000000000000  28.569014678840  38.525164264388   0.000000000000 -21.543613994506 199.712377322593  61.132920641588  -3.485153236908   0.559704558857 -12.958836585521  11.412307939147  12.119684642689 

TC
  7.679467241248   0.781726524177  -0.247513380913  -1.745250179892  -0.502759646888   0.391408611237  -1.453147619377  -2.727160721415  -3.938868822150  -0.654826670798   2.732550073037 -20.267943642949  -7.129044531765   2.400734146811   0.017569830993   1.908600729267  -0.272337138660   0.045504755363 
  0.781726524177   1.937212872985   0.819964965031  -0.063784525503  -0.738204762065   1.260984200378  -1.914097027739  -0.199485146301  -0.600783987507   0.746070287207   0.531244555302  -0.691545680418  -1.320172974830  -0.575534552405  -0.531193906095   0.247707665880   0.572073662000  -1.468746832205 
 -0.247513380913   0.819964965031   3.531456252439  -0.014063478639  -0.555737390230   0.394196060941  -2.411107786557  -0.703957516531   0.755573491448   2.729909818458  -0.620202890130  -0.190830809721  -0.141554959384  -0.722120793757  -2.314978273658  -0.258260137526   1.125468450614  -1.197383526173 
 -1.745250179892  -0.063784525503  -0.014063478639   4.093141230440   1.479163015198   1.084208530104  -1.265964833674   0.977191730466   2.607484062599   1.287730158710  -0.772878109501   4.969978328264   2.141186417871  -0.532393567263  -0.391729304446  -1.135016380827   1.275510707593  -1.204564509917 
 -0.502759646888  -0.738204762065  -0.555737390230   1.479163015198  22.734859962655   0.154271926925   2.614966342317   0.446489375096   0.505800768387  -0.970599125964  -0.526254992445   2.430851513935   0.710852659599   0.647755404557   1.303828317143  -0.614135731269  -2.122738999952   1.450086995746 
  0.391408611237   1.260984200378   0.394196060941   1.084208530104   0.154271926925  17.680643745478 -17.753233828899   3.408369279821   0.127808711292   4.192019874295   0.363739311620   6.481823597152  -0.535893691165  -2.592455901108  -1.152085192705  -0.902474426517   1.172168239793 -14.737650084395 
 -1.453147619377  -1.914097027739  -2.411107786557  -1.265964833674   2.614966342317 -17.753233828899  27.167343915279  -1.146732012337   0.047292744667  -6.882001120737  -0.507282649450   2.415667788381   1.783507779640   2.702590400255   2.822213769568   0.105291205286  -1.524146457844  17.261186524974 
 -2.727160721415  -0.199485146301  -0.703957516531   0.977191730466   0.446489375096   3.408369279821  -1.146732012337   6.541642752762   3.318677828460   0.114187679941  -1.381842918791   8.227492245880   2.786533039417  -1.156130506526   0.363619271179  -1.468580037347   0.272092194793  -1.595261371396 
 -3.938868822150  -0.600783987507   0.755573491448   2.607484062599   0.505800768387   0.127808711292   0.047292744667   3.318677828460   8.907802388066   0.951325677967  -3.924521452290   6.613800239624   4.256467059203  -0.040577282641  -0.638456950773  -2.269178194361   1.676957965795   0.242395975424 
 -0.654826670798   0.746070287207   2.729909818458   1.287730158710  -0.970599125964   4.192019874295  -6.882001120737   0.114187679941   0.951325677967   4.981394914520  -1.314995839907   1.761900818849   0.243677340584  -1.611049449671  -2.935530710066  -0.427632806023   1.405051721626  -4.829425802565 
  2.732550073037   0.531244555302  -0.620202890130  -0.772878109501  -0.526254992445   0.363739311620  -0.507282649450  -1.381842918791  -3.924521452290  -1.314995839907   5.720332103264  -3.859942800967  -2.436552283026   0.023612482935  -0.141381142671   1.197825399978   0.537483071744   0.262984197393 
-20.267943642949  -0.691545680418  -0.190830809721   4.969978328264   2.430851513935   6.481823597152   2.415667788381   8.227492245880   6.613800239624   1.761900818849  -3.859942800967  74.355544393619  19.380030223863  -7.507079729072   0.190020947059  -5.117939727900   2.416126615697  -6.041936426298 
 -7.129044531765  -1.320172974830  -0.141554959384   2.141186417871   0.710852659599  -0.535893691165   1.783507779640   2.786533039417   4.256467059203   0.243677340584  -2.436552283026  19.380030223863   7.477540287953  -1.880490486119  -0.545986939900  -1.755481574999   3.043294767573   0.901187009265 
  2.400734146811  -0.575534552405  -0.722120793757  -0.532393567263   0.647755404557  -2.592455901108   2.702590400255  -1.156130506526  -0.040577282641  -1.611049449671   0.023612482935  -7.507079729072  -1.880490486119   2.195935511725   1.078787000277  -0.216036130116  -1.149231632225   2.296898845182 
  0.017569830993  -0.531193906095  -2.314978273658  -0.391729304446   1.303828317143  -1.152085192705   2.822213769568   0.363619271179  -0.638456950773  -2.935530710066  -0.141381142671   0.190020947059  -0.545986939900   1.078787000277   7.249729482477  -0.900537175012  -7.995404062428   1.265648865009 
  1.908600729267   0.247707665880  -0.258260137526  -1.135016380827  -0.614135731269  -0.902474426517   0.105291205286  -1.468580037347  -2.269178194361  -0.427632806023   1.197825399978  -5.117939727900  -1.755481574999  -0.216036130116  -0.900537175012   3.070621541632   2.071879260930  -0.244619409355 
 -0.272337138660   0.572073662000   1.125468450614   1.275510707593  -2.122738999952   1.172168239793  -1.524146457844   0.272092194793   1.676957965795   1.405051721626   0.537483071744   2.416126615697   3.043294767573  -1.149231632225  -7.995404062428   2.071879260930  33.218016517959  -3.667458400429 
  0.045504755363  -1.468746832205  -1.197383526173  -1.204564509917   1.450086995746 -14.737650084395  17.261186524974  -1.595261371396   0.242395975424  -4.829425802565   0.262984197393  -6.041936426297   0.901187009265   2.296898845182   1.265648865009  -0.244619409355  -3.667458400429  16.802336302700 

-83.390918437237  -5.626700352565   2.522823055718  25.074651867878  10.804104335967  23.822115935766   7.712497701205  40.189048486119  53.170944052276  11.138009745654 -27.636487792369 277.383581793728  80.617985007363 -26.402367988080  -1.352829633434 -26.033447218610  12.525699361789 -21.785111205426 

TG
  5.946336676655   0.591899063987  -0.514357470154  -1.259097222392  -1.021700507457   0.232478058243  -0.698729678088  -2.222256001607  -3.862539597246  -0.344184921329   2.440356641472 -16.090342569951  -5.767766698746   0.725038018257  -0.333133748014   1.766468509928  -0.089286290476  -0.650146002999 
  0.591899063987   1.713602160370   0.941258076251   0.228289731394  -0.091831507398   1.478683568090  -1.766959477220   0.195621183719  -0.408729540638   0.783891045974   0.687293886792   0.165517928885  -1.017859783866   0.093242112094  -0.976409985422   0.289290502520   0.363333388961   0.515748979833 
 -0.514357470154   0.941258076251   3.758195623203   0.046738293670  -2.547786805065   0.316885955088  -3.240438109390  -0.414837203749   0.742629426096   2.470920954707  -0.541906700532   0.456750224195   0.518155670616  -0.949805996569  -2.109301736276   0.173088605063   1.376642800231  -1.670694241488 
 -1.259097222392   0.228289731394   0.046738293670   3.694063316236   1.750749952289   1.180746657865  -2.066164568516   0.204040220170   1.369788935088   1.598667082204  -0.849552752219   3.702079103319   1.650654791732  -0.562802569000  -0.233448261319   0.440676365304   0.581542059022  -1.549579301592 
 -1.021700507457  -0.091831507398  -2.547786805065   1.750749952289  25.903641203600  -0.747400399604   3.068993831162   0.670540936004   0.014035278709  -1.267979663215   0.522923180285   3.623076757050   0.203791994051   0.513123316420   1.348638192879  -0.295058350060  -1.693213844212   3.331751163818 
  0.232478058243   1.478683568090   0.316885955088   1.180746657865  -0.747400399604  16.013056710437 -14.714725222385   2.678061064174  -1.148043356418   3.700612733063   1.048510090939   7.015459789519   0.297102552197   0.496407986610  -2.050362832934   0.942017347078   3.257735688575  -7.193870386579 
 -0.698729678088  -1.766959477220  -3.240438109390  -2.066164568516   3.068993831162 -14.714725222385  22.471452887826   0.099853744912   0.037430717586  -6.444697569140   0.206371438270   0.723212758074   0.133995765183   1.598629809970   3.678253346230  -1.359590977928  -3.181108345126  14.301397938125 
 -2.222256001607   0.195621183719  -0.414837203749   0.204040220170   0.670540936004   2.678061064174   0.099853744912   5.894532961023   2.818400036759  -0.078627782412   0.026881584920   6.996894792831   2.272177312155   1.016045064112  -0.381975180898  -0.985658332233   0.448819183534   2.107262080651 
 -3.862539597246  -0.408729540638   0.742629426096   1.369788935088   0.014035278709  -1.148043356418   0.037430717586   2.818400036759   7.400640435199   0.612059595034  -3.793686890274   4.485665427273   4.053948897011  -0.248341278246   0.545601775889  -1.336740378429  -0.049105405020  -1.349216914165 
 -0.344184921329   0.783891045974   2.470920954707   1.598667082204  -1.267979663215   3.700612733063  -6.444697569140  -0.078627782412   0.612059595034   3.676437967457  -0.344867162756   0.213796230845   0.496745449832  -1.187778656286  -2.403920593403   0.398313274415   1.755330517489  -3.898642620382 
  2.440356641472   0.687293886792  -0.541906700532  -0.849552752219   0.522923180285   1.048510090939   0.206371438270   0.026881584920  -3.793686890274  -0.344867162756   6.278165050320  -3.082129218562  -2.928892430848   0.423375751869  -0.792324382785   0.311185642928  -0.235149396795   2.704757492424 
-16.090342569951   0.165517928885   0.456750224195   3.702079103319   3.623076757050   7.015459789519   0.723212758074   6.996894792831   4.485665427273   0.213796230845  -3.082129218562  64.989357130292  16.338874628304   0.503722302031   0.400887373247  -3.907672752837   3.197963645635   7.876552267706 
 -5.767766698746  -1.017859783866   0.518155670616   1.650654791732   0.203791994051   0.297102552197   0.133995765183   2.272177312155   4.053948897011   0.496745449832  -2.928892430848  16.338874628304   6.319941803475  -0.496586087242  -0.484522790916  -1.814210247667   2.530142952110   0.021906989880 
  0.725038018257   0.093242112094  -0.949805996569  -0.562802569000   0.513123316420   0.496407986610   1.598629809970   1.016045064112  -0.248341278246  -1.187778656286   0.423375751869   0.503722302031  -0.496586087242   1.487224972803   1.587790814874  -0.100053006790  -1.675338900563   1.874029211313 
 -0.333133748014  -0.976409985422  -2.109301736276  -0.233448261319   1.348638192879  -2.050362832934   3.678253346230  -0.381975180898   0.545601775889  -2.403920593403  -0.792324382785   0.400887373247  -0.484522790916   1.587790814874   6.694415737727  -0.430106988612  -7.151294383289   3.037552243519 
  1.766468509928   0.289290502520   0.173088605063   0.440676365304  -0.295058350060   0.942017347078  -1.359590977928  -0.985658332233  -1.336740378429   0.398313274415   0.311185642928  -3.907672752837  -1.814210247667  -0.100053006790  -0.430106988612   2.285736089605   1.162182834440  -0.938433795228 
 -0.089286290476   0.363333388961   1.376642800231   0.581542059022  -1.693213844212   3.257735688575  -3.181108345126   0.448819183534  -0.049105405020   1.755330517489  -0.235149396795   3.197963645635   2.530142952110  -1.675338900563  -7.151294383289   1.162182834440  30.678415778486  -4.793727924270 
 -0.650146002999   0.515748979833  -1.670694241488  -1.549579301592   3.331751163818  -7.193870386579  14.301397938125   2.107262080651  -1.349216914165  -3.898642620382   2.704757492424   7.876552267706   0.021906989880   1.874029211313   3.037552243519  -0.938433795228  -4.793727924270  16.075969496756 

-66.835175006166  -1.259355548809   4.672619660651  16.382887265695  11.570269532250  20.369484576464   1.900224085050  34.731579282950  40.066557955786   3.682776562827 -22.896787052243 231.240614235228  68.674906014677  -0.090601642926   2.943688640646 -15.416444945629  11.246544869468  20.622554143611 

TT
  8.212238873313   1.132208999897  -0.447077623045  -1.598488643653  -0.254895549453   1.638636813927  -3.715656917326  -1.918369320098  -3.973450086884  -1.320303956170   2.717210980247 -20.509060143808  -7.823811023621   2.533105589907   0.312438829223   1.704290366198  -0.671298043836  -1.084074201739 
  1.132208999897   2.186098337670   0.527551352166   0.516046352758  -0.803087466074   1.544490686554  -2.416850481378  -0.646426131002  -0.011404869295   0.424694638143   1.029393864574  -1.235844671711  -1.278005128714  -0.477765524656  -0.546420238631   0.172085891273   0.966845040783  -1.183047077758 
 -0.447077623045   0.527551352166   4.399011590688  -0.510974328149  -2.448766757960   0.391699200545  -2.190781067929  -1.013236208386  -0.376638668452   3.293667129715  -1.574742049409   0.132356156602   0.129384976151  -0.953826439613  -2.653451317337   0.218286177532   0.677438040977  -1.647300243134 
 -1.598488643653   0.516046352758  -0.510974328149   5.046216132904   1.761190021549   1.266116711217  -1.936215928372   0.743070742917   3.054403219114   0.693776909114  -0.442058385207   5.217152707309   1.950341177324  -0.765383751508  -0.108195479109  -0.476750340790   0.994748069042  -1.441985398155 
 -0.254895549453  -0.803087466074  -2.448766757960   1.761190021549  27.830929637833  -0.194949326179   2.438640336346   0.917542435388   0.413987491737  -1.320041777090  -0.785297535592   1.942544298681   0.591181685567   0.515949715602   1.316290312126  -0.252733102275  -1.970697464478   1.864177891597 
  1.638636813927   1.544490686554   0.391699200545   1.266116711217  -0.194949326179  18.259173981057 -19.098842982554   2.561049031426   0.013212032488   4.297985590283  -0.187165642293   4.414512809158  -1.709086632207  -0.762418317387  -1.412741550578  -0.732273335240   1.158551894934 -15.596676497802 
 -3.715656917326  -2.416850481378  -2.190781067929  -1.936215928372   2.438640336346 -19.098842982554  31.001160884767  -0.818096326818  -1.122827023288  -5.770540468676   0.460389061201   6.985045482051   4.426019160976   0.772063781695   2.478760057081   0.499179707958  -1.525467928409  19.687841459997 
 -1.918369320098  -0.646426131002  -1.013236208386   0.743070742917   0.917542435388   2.561049031426  -0.818096326818   6.668527476621   3.384292230410  -0.049337939742  -1.896838768512   5.732584534215   2.435475448355   0.531034605373   0.072322902243  -1.513588592820   0.601082759493  -0.654894566564 
 -3.973450086884  -0.011404869295  -0.376638668452   3.054403219114   0.413987491737   0.013212032488  -1.122827023288   3.384292230410  10.467066450160  -0.840067084301  -4.150538727973   6.491084486178   4.032883833675   0.213323434316   1.249969384734  -2.749266513188   1.779708934763  -0.702264125638 
 -1.320303956170   0.424694638143   3.293667129715   0.693776909114  -1.320041777090   4.297985590283  -5.770540468676  -0.049337939742  -0.840067084301   6.544961210242  -2.101318812274   3.149405487386   0.770875262945  -2.064459019093  -3.670228260626   0.240549245406   0.836920838745  -4.660335030574 
  2.717210980247   1.029393864574  -1.574742049409  -0.442058385207  -0.785297535592  -0.187165642293   0.460389061201  -1.896838768512  -4.150538727973  -2.101318812274   7.448326781575  -3.369576830912  -2.129470448902  -0.115615788909  -0.356944589959   1.246117067613   1.261812519043   1.826273013890 
-20.509060143808  -1.235844671711   0.132356156602   5.217152707309   1.942544298681   4.414512809158   6.985045482051   5.732584534215   6.491084486178   3.149405487386  -3.369576830912  73.281352594399  20.977296129395  -6.284368217711  -0.812512548729  -4.666055293908   3.970987295509  -2.547052236836 
 -7.823811023621  -1.278005128714   0.129384976151   1.950341177324   0.591181685567  -1.709086632207   4.426019160976   2.435475448355   4.032883833675   0.770875262945  -2.129470448902  20.977296129395   8.255344999081  -1.988215115023  -0.249104286739  -1.815533534698   1.364258202105   2.213685963367 
  2.533105589907  -0.477765524656  -0.953826439613  -0.765383751508   0.515949715602  -0.762418317387   0.772063781695   0.531034605373   0.213323434316  -2.064459019093  -0.115615788909  -6.284368217711  -1.988215115023   2.403495736871   1.391165431879  -0.346025107484  -0.840605905775   1.163174425167 
  0.312438829223  -0.546420238631  -2.653451317337  -0.108195479109   1.316290312126  -1.412741550578   2.478760057081   0.072322902243   1.249969384734  -3.670228260626  -0.356944589959  -0.812512548729  -0.249104286739   1.391165431879   4.036640362389  -0.504685358645  -3.686243386444   1.450805187610 
  1.704290366198   0.172085891273   0.218286177532  -0.476750340790  -0.252733102275  -0.732273335240   0.499179707958  -1.513588592820  -2.749266513188   0.240549245406   1.246117067613  -4.666055293908  -1.815533534698  -0.346025107484  -0.504685358645   3.790444122731   1.768856750775   0.280307482428 
 -0.671298043836   0.966845040783   0.677438040977   0.994748069042  -1.970697464478   1.158551894934  -1.525467928409   0.601082759493   1.779708934763   0.836920838745   1.261812519043   3.970987295509   1.364258202105  -0.840605905775  -3.686243386444   1.768856750775  28.920090919713  -5.286232473494 
 -1.084074201739  -1.183047077758  -1.647300243134  -1.441985398155   1.864177891597 -15.596676497802  19.687841459997  -0.654894566564  -0.702264125638  -4.660335030574   1.826273013890  -2.547052236836   2.213685963367   1.163174425167   1.450805187610   0.280307482428  -5.286232473494  18.180499861351 

-86.492481918559  -7.355186771322   1.034147954977  25.987408014515   7.910226651767  13.153183740302  24.044474735681  30.749062324450  56.021118726910  11.340603411671 -29.469217829148 274.430112273658  86.794306901218 -22.742191900525   0.535649686519 -23.821856847261  16.246011226500 -11.911687222157 

A
  0.311258871959   0.076316990492  -0.085444904038  -0.100352560512  -0.167619807722   0.015132165208 
  0.076316990492   0.162767261980  -0.213939209203  -0.131318619338  -0.136413914523  -0.130888600179 
 -0.085444904038  -0.213939209203   2.293843290956   1.100865494900   1.501515646318   0.599098448825 
 -0.100352560512  -0.131318619338   1.100865494900   9.097396802007  -3.739134178666  -0.072087515571 
 -0.167619807722  -0.136413914523   1.501515646318  -3.739134178666  28.263468653298   0.791434286263 
  0.015132165208  -0.130888600179   0.599098448825  -0.072087515571   0.791434286263   0.905777070979 

  0.097429724734  -0.000494951213   0.999794839306   2.064948472000   1.470267207153   0.544163503315 

C
  0.791591103445   0.511099806237  -0.063453446136   0.009069189400   0.431407273399   1.263329303912 
  0.511099806237   0.737595877905  -0.209221302373  -0.009992797698   0.761100072181   0.837147976756 
 -0.063453446136  -0.209221302373   8.699561421793  -4.546923509586 -10.773220468826  -0.443064595680 
  0.009069189400  -0.009992797698  -4.546923509586   8.647662503631  12.361390406657   0.134207772906 
  0.431407273399   0.761100072181 -10.773220468826  12.361390406657  61.050782806021   2.541401325661 
  1.263329303912   0.837147976756  -0.443064595680   0.134207772906   2.541401325661   3.469542522307 

 -0.042947285319   0.072710866117  -0.535937960026   2.262429739173   1.548845922584   0.248651613484 

G
  0.791591103445  -0.511099806237   0.063453446136   0.009069189400  -0.431407273399  -1.263329303912 
 -0.511099806237   0.737595877905  -0.209221302373   0.009992797698   0.761100072181   0.837147976756 
  0.063453446136  -0.209221302373   8.699561421793   4.546923509586 -10.773220468826  -0.443064595680 
  0.009069189400   0.009992797698   4.546923509586   8.647662503631 -12.361390406657  -0.134207772906 
 -0.431407273399   0.761100072181 -10.773220468826 -12.361390406657  61.050782806021   2.541401325661 
 -1.263329303912   0.837147976756  -0.443064595680  -0.134207772906   2.541401325661   3.469542522307 

  0.042947285319   0.072710866117  -0.535937960026  -2.262429739173   1.548845922584   0.248651613484 

T
  0.311258871959  -0.076316990492   0.085444904038  -0.100352560512   0.167619807722  -0.015132165208 
 -0.076316990492   0.162767261980  -0.213939209203   0.131318619338  -0.136413914523  -0.130888600179 
  0.085444904038  -0.213939209203   2.293843290956  -1.100865494900   1.501515646318   0.599098448825 
 -0.100352560512   0.131318619338  -1.100865494900   9.097396802007   3.739134178666   0.072087515571 
  0.167619807722  -0.136413914523   1.501515646318   3.739134178666  28.263468653298   0.791434286263 
 -0.015132165208  -0.130888600179   0.599098448825   0.072087515571   0.791434286263   0.905777070979 

 -0.097429724734  -0.000494951213   0.999794839306  -2.064948472000   1.470267207153   0.544163503315 

