AA
  8.258586071826   1.985363917024   0.297706912009  -1.817032138199  -1.394952058203  -2.236021977623   4.428461685119  -2.444791551057  -3.995965965873   0.788651634437   2.069178656630 -20.944185871937  -7.803665878553   1.274609117348  -0.136098550357   1.963000319480  -0.574779204628   1.695965081876 
  1.985363917024   2.389728791201   1.348399897976   0.326711822799  -0.786165665373   1.155782809676  -0.743879302406   0.529794826844   0.191408168774   2.034700185508  -0.108030872032  -6.243291602793  -2.517371881680  -0.466094128386  -0.910683124839   0.765260265279   0.492720849470  -0.731527241556 
  0.297706912009   1.348399897976   4.018105514196   0.491196072729  -3.584405995281   1.385162281494  -2.446263503001   0.045234866460   1.249319152287   3.643787010572  -0.378576545297  -0.839583736699  -0.302235290142  -0.540697387850  -2.603433003881   0.098822136948   1.286424077475  -1.403578169973 
 -1.817032138199   0.326711822799   0.491196072729   3.816172234885  -1.709699624823  -0.270188355983   0.505917423766   1.509691783965   2.747110514697   0.250203466318  -1.236389378620   4.655038494226   1.698527022363  -0.169843963711  -0.222662587204  -0.478787303395   0.254097733771   0.742057651174 
 -1.394952058203  -0.786165665373  -3.584405995281  -1.709699624823  28.836877315832  -5.300318319345   1.473918493044   0.617930917619   1.807648593860  -0.776706933745   1.290701994819   3.958353523848   0.659002888621   0.990712955233   0.643916342777  -1.002563914965  -1.924764020803   1.145470757372 
 -2.236021977623   1.155782809676   1.385162281494  -0.270188355983  -5.300318319345  18.142809976558 -19.613962818457  -0.638587429865  -0.758769953052   4.637952895646   1.832361141633  -2.435230901897   1.095489828421  -1.175525083933  -1.615829714863   1.449477035536   1.803122395708 -15.481387624899 
  4.428461685119  -0.743879302406  -2.446263503001   0.505917423766   1.473918493044 -19.613962818457  30.904623333951   0.829217646482   1.156285942058  -5.757216303176  -0.435309669664  -7.062619889637  -3.741198815503   2.406339363882   2.120523973947  -1.925740652328  -2.358179725494  19.007276532997 
 -2.444791551057   0.529794826844   0.045234866460   1.509691783965   0.617930917619  -0.638587429865   0.829217646482   6.647078471420   3.310043062162   0.015691572814  -1.832821539086   5.747637872267   1.925620101577  -0.641842447827  -1.003932618783  -0.732812302740   0.915707724646   2.590711316785 
 -3.995965965873   0.191408168774   1.249319152287   2.747110514697   1.807648593860  -0.758769953052   1.156285942058   3.310043062162  10.456406569786   0.827687325188  -4.121396569085   6.446419151102   3.952256177368   0.000711901659  -0.350515576158  -3.056327566824   0.418072571005   0.031474820972 
  0.788651634437   2.034700185508   3.643787010572   0.250203466318  -0.776706933745   4.637952895646  -5.757216303176   0.015691572814   0.827687325188   6.557090793352   2.101616776472  -3.119866439299  -1.300753140723  -0.414588076175  -3.244959437472   0.685850313750   1.261509789013  -4.279338634007 
  2.069178656630  -0.108030872032  -0.378576545297  -1.236389378620   1.290701994819   1.832361141633  -0.435309669664  -1.832821539086  -4.121396569085   2.101616776472   7.454378157094  -3.235960368361  -2.676829767978   1.047759405340  -1.580331935535   0.435122928070  -0.791424253222  -0.144865455210 
-20.944185871937  -6.243291602793  -0.839583736699   4.655038494226   3.958353523848  -2.435230901897  -7.062619889637   5.747637872267   6.446419151102  -3.119866439299  -3.235960368361  73.053998646616  20.450481648436  -1.215923979224   0.116709529272  -5.237268110365   1.956393311521   4.321591113300 
 -7.803665878553  -2.517371881680  -0.302235290142   1.698527022363   0.659002888621   1.095489828421  -3.741198815503   1.925620101577   3.952256177368  -1.300753140723  -2.676829767978  20.450481648436   8.211161899873  -1.128472176465   0.419957210407  -1.650307628420   0.525703956932  -1.646286224732 
  1.274609117348  -0.466094128386  -0.540697387850  -0.169843963711   0.990712955233  -1.175525083933   2.406339363882  -0.641842447827   0.000711901659  -0.414588076175   1.047759405340  -1.215923979224  -1.128472176465   2.102960474289   0.518824991469  -0.510645309866  -0.708487750991   1.659496168161 
 -0.136098550357  -0.910683124839  -2.603433003881  -0.222662587204   0.643916342777  -1.615829714863   2.120523973947  -1.003932618783  -0.350515576158  -3.244959437472  -1.580331935535   0.116709529272   0.419957210407   0.518824991469   4.479825788935   0.606347585164  -2.388210141591   0.268009523756 
  1.963000319480   0.765260265279   0.098822136948  -0.478787303395  -1.002563914965   1.449477035536  -1.925740652328  -0.732812302740  -3.056327566824   0.685850313750   0.435122928070  -5.237268110365  -1.650307628420  -0.510645309866   0.606347585164   5.112148565333  -2.003704616225  -1.138974842750 
 -0.574779204628   0.492720849470   1.286424077475   0.254097733771  -1.924764020803   1.803122395708  -2.358179725494   0.915707724646   0.418072571005   1.261509789013  -0.791424253222   1.956393311521   0.525703956932  -0.708487750991  -2.388210141591  -2.003704616225  28.762047045012  -0.269975670164 
  1.695965081876  -0.731527241556  -1.403578169973   0.742057651174   1.145470757372 -15.481387624899  19.007276532997   2.590711316785   0.031474820972  -4.279338634007  -0.144865455210   4.321591113300  -1.646286224732   1.659496168161   0.268009523756  -1.138974842750  -0.269975670164  17.823451467676 

-86.526596188304 -22.688253013172   0.504855035627  23.793262488583  16.214990180824 -11.755111752969 -24.217414228774  30.534322568795  55.836481275891 -11.265932917845 -28.972967659444 273.413660365919  86.194293591414  -7.251161314476   1.049118795565 -26.069187472023   7.736387444982  12.685513988070 

AC
  9.635440407112   2.087794099503   0.547213874559  -1.338580011110  -1.693623779818  -2.180710817926   2.420103971342  -3.014204844336  -3.093732098370   0.409014518542   2.379244682852 -24.627928114030  -8.572727392138   2.444691271416  -0.284819606996   1.811609802068   0.101151669049   2.201300366557 
  2.087794099503   2.400264731055   1.137083964335   0.193039096912  -0.235224509527   1.344276870039  -1.119477738821   0.306984185124   0.209348468956   1.737364969296   0.233355768350  -5.431749376913  -3.001961803382  -0.646148838242  -0.901261471115   0.205139916963   0.653266879999  -1.538532377406 
  0.547213874559   1.137083964335   3.842097198799   0.278759127258  -1.171042237043   0.398933266008  -1.417680430191  -0.022020431633   1.108059656748   3.071919952883   0.120725326168  -0.937715342107  -0.791749473787  -0.398301158893  -2.587594041874  -0.348086878942   1.369584013515  -0.739506835578 
 -1.338580011110   0.193039096912   0.278759127258   3.777339945530  -2.011115241671  -0.317874976689   0.588856140227   1.616970730957   2.520922723369  -0.332557050939  -0.182471759626   3.409904507749   1.549317192223  -0.170609600384  -0.282445041129  -0.643401607181   0.887423500761   1.152871488514 
 -1.693623779818  -0.235224509527  -1.171042237043  -2.011115241671  28.290458011636  -1.168632014600   3.110859035177   0.404113495792   1.885295726179  -0.813860411346  -1.136542732254   3.555981317545   0.457109254210   0.302605390724   0.998796077169  -1.020323694397  -2.518191282047   0.323421312652 
 -2.180710817926   1.344276870039   0.398933266008  -0.317874976689  -1.168632014600  19.423444758092 -22.338530864334   1.109282234284  -0.474533361136   3.324595804406   1.048500891914   0.059759580405  -1.597523498494  -2.753713963856  -1.136581203933   0.403192230493   0.622812631574 -17.786692818848 
  2.420103971342  -1.119477738821  -1.417680430191   0.588856140227   3.110859035177 -22.338530864334  34.808270932820   0.508852371360   2.118608030591  -4.848302674358  -1.088717307307  -1.810421292816   0.479220382072   3.148936400907   1.710529549265  -1.087374740284  -3.358036842622  22.049900103360 
 -3.014204844336   0.306984185124  -0.022020431633   1.616970730957   0.404113495792   1.109282234284   0.508852371360   7.211776502626   3.307513828309   0.330146497560  -0.347306296228   8.814033403903   2.442824833038  -1.222227490331  -0.824286948986  -1.460655711625   0.714272358230   0.171950670905 
 -3.093732098370   0.209348468956   1.108059656748   2.520922723369   1.885295726179  -0.474533361136   2.118608030591   3.307513828309  10.337505001168   0.910457115237  -2.768006159459   3.897946616285   2.944018201910   0.271178855724  -0.418370529315  -3.030515746211   1.060746037974   1.357414106438 
  0.409014518542   1.737364969296   3.071919952883  -0.332557050939  -0.813860411346   3.324595804406  -4.848302674358   0.330146497560   0.910457115237   4.734689476461   0.688225291961  -1.308345756520  -1.702688122552  -1.141816698716  -2.676841825198  -0.323832879250   0.944420215858  -3.926046440636 
  2.379244682852   0.233355768350   0.120725326168  -0.182471759626  -1.136542732254   1.048500891914  -1.088717307307  -0.347306296228  -2.768006159459   0.688225291961   7.847393495126  -0.692737827310  -2.383151810730   0.054503528353  -1.054343404387   0.568674654822  -0.771398649447  -0.482211313004 
-24.627928114030  -5.431749376913  -0.937715342107   3.409904507749   3.555981317545   0.059759580405  -1.810421292816   8.814033403903   3.897946616285  -1.308345756520  -0.692737827310  81.781809419808  23.591680387386  -5.395071633600   0.593665626026  -4.630137842915   1.542385157461  -1.251648024004 
 -8.572727392138  -3.001961803382  -0.791749473787   1.549317192223   0.457109254210  -1.597523498494   0.479220382072   2.442824833038   2.944018201910  -1.702688122552  -2.383151810730  23.591680387386   9.302063903779  -1.453741467018   0.542391791084  -1.522061077660   0.522471514475   1.598932675710 
  2.444691271416  -0.646148838242  -0.398301158893  -0.170609600384   0.302605390724  -2.753713963856   3.148936400907  -1.222227490331   0.271178855724  -1.141816698716   0.054503528353  -5.395071633600  -1.453741467018   1.835975842711   0.286671821033   0.045778720109  -0.002511762763   2.203004369362 
 -0.284819606996  -0.901261471115  -2.587594041874  -0.282445041129   0.998796077169  -1.136581203933   1.710529549265  -0.824286948986  -0.418370529315  -2.676841825198  -1.054343404387   0.593665626026   0.542391791084   0.286671821033   7.344674076848  -1.123180251837  -8.503503687647  -0.091038133792 
  1.811609802068   0.205139916963  -0.348086878942  -0.643401607181  -1.020323694397   0.403192230493  -1.087374740284  -1.460655711625  -3.030515746211  -0.323832879250   0.568674654822  -4.630137842915  -1.522061077660   0.045778720109  -1.123180251837   3.458129745509   2.027868510709   0.020687024303 
  0.101151669049   0.653266879999   1.369584013515   0.887423500761  -2.518191282047   0.622812631574  -3.358036842622   0.714272358230   1.060746037974   0.944420215858  -0.771398649447   1.542385157461   0.522471514475  -0.002511762763  -8.503503687647   2.027868510709  29.008564443559   0.724100727361 
  2.201300366557  -1.538532377406  -0.739506835578   1.152871488514   0.323421312652 -17.786692818848  22.049900103360   0.171950670905   1.357414106438  -3.926046440636  -0.482211313004  -1.251648024004   1.598932675710   2.203004369362  -0.091038133792   0.020687024303   0.724100727361  19.321469482678 

-97.295164901725 -19.611293908361  -0.279949095393  18.588449865348  16.778774036112   0.423637582505  -3.737525829580  39.914157482800  45.192963096397  -2.135062105162 -15.845657971337 296.271341107858  94.232901644611 -17.946684353946   2.688929173932 -25.721334174599   8.790305450894  -0.591661453145 

AG
  8.136794346412   1.998757288988   0.249072335222  -1.435161789295  -1.892762101369  -2.130431711959   4.226532666667  -2.224402943509  -3.361068856759   1.232600621445   2.539628881954 -21.032360543286  -7.870152909665   0.986271780675  -0.719528201399   1.837618963097  -0.271727338820   1.471622215330 
  1.998757288988   2.393977865096   1.337902000965   0.304454988850  -0.732306618338   1.150663029165  -0.668821413001   1.008225547543   0.385508471459   1.755631395589   0.275798621044  -5.631939848679  -2.703062328101  -0.162599956891  -1.435725230212  -0.034255628837   0.603794997343   0.096788360626 
  0.249072335222   1.337902000965   3.796620272862   0.445470718950  -4.535539949171   0.912791391986  -1.838408474714   0.450163642205   1.167898836115   3.522472535621  -0.005049796459  -0.570395033642  -0.371436367102  -0.500607163275  -2.790218026661   0.093691824547   1.613346277616  -0.340812958564 
 -1.435161789295   0.304454988850   0.445470718950   3.596364378140  -2.186622476120  -0.436361044421   0.398158383424   0.842768039982   2.376647580751  -0.294730812924  -0.796002941697   3.343259304122   1.470859967441  -0.073641650938  -0.358969742992  -1.439296843108   0.411678557162   0.180639518617 
 -1.892762101369  -0.732306618338  -4.535539949171  -2.186622476120  29.249575421115  -2.702231441886   3.386037222646   0.589252302942   2.050288751236  -1.374033440116  -0.413671063981   4.120738664983   0.622352576774   0.886309212774   1.033270782262  -1.428263324350  -1.845505640248   2.284120121500 
 -2.130431711959   1.150663029165   0.912791391986  -0.436361044421  -2.702231441886  18.046364781695 -20.295443937207  -0.091370118023  -1.282552787345   3.795147114315   1.367985057998  -1.462092541517   0.411928092255  -0.482525325418  -1.891174960083   1.256199271319   2.442806101473 -14.155538845841 
  4.226532666667  -0.668821413001  -1.838408474714   0.398158383424   3.386037222646 -20.295443937207  31.506973145617   0.910341875390   2.052996405945  -5.028822676882  -0.329007989876  -6.213448362881  -2.939266531288   2.038337350670   2.443710549097  -2.288271779465  -3.280202798970  18.141750768620 
 -2.224402943509   1.008225547543   0.450163642205   0.842768039982   0.589252302942  -0.091370118023   0.910341875390   6.587394707554   2.994124850807   0.440395570688  -1.660103327336   5.589837373689   1.748068141829   0.062087544892  -0.906251239312  -0.960491214214   1.028038978153   2.597102044680 
 -3.361068856759   0.385508471459   1.167898836115   2.376647580751   2.050288751236  -1.282552787345   2.052996405945   2.994124850807   9.485019917945   1.155315066815  -3.056155924993   4.980345369052   3.386032469910   0.030710991682  -0.359764470545  -2.561317891234   0.220261497326   0.415415063618 
  1.232600621445   1.755631395589   3.522472535621  -0.294730812924  -1.374033440116   3.795147114315  -5.028822676882   0.440395570688   1.155315066815   5.515806174567   1.591924537390  -4.141528854156  -1.785380757287  -0.322621554440  -3.079874113075  -0.067218586658   1.543824108787  -2.935780957339 
  2.539628881954   0.275798621044  -0.005049796459  -0.796002941697  -0.413671063981   1.367985057998  -0.329007989876  -1.660103327336  -3.056155924993   1.591924537390   6.156070141116  -3.709701311719  -3.192691693132   1.052013947779  -1.468283982828  -0.191343393590  -1.311332849533  -0.097675668809 
-21.032360543286  -5.631939848679  -0.570395033642   3.343259304122   4.120738664983  -1.462092541517  -6.213448362881   5.589837373689   4.980345369052  -4.141528854156  -3.709701311719  72.673912301990  20.984545400615  -0.781832353810   1.550227874749  -4.187614839711   1.027488810278   5.078809649729 
 -7.870152909665  -2.703062328101  -0.371436367102   1.470859967441   0.622352576774   0.411928092255  -2.939266531288   1.748068141829   3.386032469910  -1.785380757287  -3.192691693132  20.984545400615   8.611125703587  -1.108710932689   0.446193104408  -1.397776951123   0.983207010359  -0.820171670754 
  0.986271780675  -0.162599956891  -0.500607163275  -0.073641650938   0.886309212774  -0.482525325418   2.038337350670   0.062087544892   0.030710991682  -0.322621554440   1.052013947779  -0.781832353810  -1.108710932689   1.919011040473   1.387543142199  -0.117960072848  -2.905945071014   1.643615465648 
 -0.719528201399  -1.435725230212  -2.790218026661  -0.358969742992   1.033270782262  -1.891174960083   2.443710549097  -0.906251239312  -0.359764470545  -3.079874113075  -1.468283982828   1.550227874749   0.446193104408   1.387543142199   6.307566206179  -0.113009062305  -6.449656755715   3.316528293175 
  1.837618963097  -0.034255628837   0.093691824547  -1.439296843108  -1.428263324350   1.256199271319  -2.288271779465  -0.960491214214  -2.561317891234  -0.067218586658  -0.191343393590  -4.187614839711  -1.397776951123  -0.117960072848  -0.113009062305   3.223064946866   0.453680534994  -1.506665324519 
 -0.271727338820   0.603794997343   1.613346277616   0.411678557162  -1.845505640248   2.442806101473  -3.280202798970   1.028038978153   0.220261497326   1.543824108787  -1.311332849533   1.027488810278   0.983207010359  -2.905945071014  -6.449656755715   0.453680534994  30.225140162493  -4.462713938098 
  1.471622215330   0.096788360626  -0.340812958564   0.180639518617   2.284120121500 -14.155538845841  18.141750768620   2.597102044680   0.415415063618  -2.935780957339  -0.097675668809   5.078809649729  -0.820171670754   1.643615465648   3.316528293175  -1.506665324519  -4.462713938098  16.615355019508 

-84.968795416905 -20.035588502045   1.380178880987  17.955377922432  17.423907711457  -7.899591548327 -19.699744882891  28.910303812446  46.632119864595 -12.221760933631 -26.838879199446 268.124473374886  86.990468824840  -6.049748848861   5.330036881214 -18.790997137767   6.219183265083  15.053727782503 

AT
 10.004537680020   2.041739962398  -0.018601534725  -1.172628006684  -0.336093899831  -2.116798816669   1.763507750479  -1.869807299016  -2.238226797595  -0.834812984857   2.184007527411 -25.067323214876  -9.070757244332   2.823452844464   0.299167409059   1.256198466506   0.018743060867   2.050954642377 
  2.041739962398   2.471242489075   0.885304001365   0.416936933500  -0.110275162870   1.124628028070  -1.235378819769  -0.190357394340   0.597337188856   1.260320826302   0.444662269287  -5.906184109242  -2.823452844464  -0.606091934398  -0.718900411517  -0.173023443013   0.726468985922  -1.301729926407 
 -0.018601534725   0.885304001365   4.079554687751   0.179691777730  -2.423932806053   0.152711604635  -0.908328228340  -0.531879982786   0.638995418214   3.428101243539  -0.869299955942  -0.357091504210  -0.299167409059  -0.718900411517  -2.834740861928  -0.235734711486   0.886854280132  -0.692355836429 
 -1.172628006684   0.416936933500   0.179691777730   4.052393228444  -1.937150558498  -0.051141505248  -0.192326687229   1.426581317949   2.903665438747  -0.295591037381   0.420689742238   3.021219760434   1.256198466506   0.173023443013   0.235734711486  -1.503993948517   1.038178078857   0.551755822702 
 -0.336093899831  -0.110275162870  -2.423932806053  -1.937150558498  26.264493549598  -0.168717672932   2.590143160862   0.357539415114   1.314045825511   0.136904179916  -0.582964471113   2.593644487469  -0.018743060867   0.726468985922   0.886854280132  -1.038178078857  -2.628833837618  -0.114036719350 
 -2.116798816669   1.124628028070   0.152711604635  -0.051141505248  -0.168717672932  20.924507854550 -23.982338938624   0.442038811823   0.266146856993   2.994932541110   0.947199125523  -0.684424733659  -2.050954642377  -1.301729926407  -0.692355836429  -0.551755822702  -0.114036719350 -18.542052574987 
  1.763507750479  -1.235378819769  -0.908328228340  -0.192326687229   2.590143160862 -23.982338938624  37.545772699342  -0.000000000000   0.000000000000  -3.149663396510   0.000000000000   0.000000000000   1.763507750479   1.235378819769   0.908328228340  -0.192326687229  -2.590143160862  23.982338938624 
 -1.869807299016  -0.190357394340  -0.531879982786   1.426581317949   0.357539415114   0.442038811823  -0.000000000000   7.392171718581   3.176374369714   0.000000000000  -0.915679446783   5.870350725005   1.869807299016  -0.190357394340  -0.531879982786  -1.426581317949   0.357539415114   0.442038811823 
 -2.238226797595   0.597337188856   0.638995418214   2.903665438747   1.314045825511   0.266146856993   0.000000000000   3.176374369714  11.661188012352  -0.000000000000  -2.337128167153   2.686470875827   2.238226797595   0.597337188856   0.638995418214  -2.903665438747   1.314045825511   0.266146856993 
 -0.834812984857   1.260320826302   3.428101243539  -0.295591037381   0.136904179916   2.994932541110  -3.149663396510   0.000000000000  -0.000000000000   6.192071614707   0.000000000000  -0.000000000000  -0.834812984857  -1.260320826302  -3.428101243539  -0.295591037381  -0.136904179916  -2.994932541110 
  2.184007527411   0.444662269287  -0.869299955942   0.420689742238  -0.582964471113   0.947199125523   0.000000000000  -0.915679446783  -2.337128167153   0.000000000000   9.850935032203  -0.373919710885  -2.184007527411   0.444662269287  -0.869299955942  -0.420689742238  -0.582964471113   0.947199125523 
-25.067323214876  -5.906184109242  -0.357091504210   3.021219760434   2.593644487469  -0.684424733659   0.000000000000   5.870350725005   2.686470875827  -0.000000000000  -0.373919710885  83.711070629715  25.067323214876  -5.906184109242  -0.357091504210  -3.021219760434   2.593644487469  -0.684424733659 
 -9.070757244332  -2.823452844464  -0.299167409059   1.256198466506  -0.018743060867  -2.050954642377   1.763507750479   1.869807299016   2.238226797595  -0.834812984857  -2.184007527411  25.067323214876  10.004537680020  -2.041739962398   0.018601534725  -1.172628006684   0.336093899831   2.116798816669 
  2.823452844464  -0.606091934398  -0.718900411517   0.173023443013   0.726468985922  -1.301729926407   1.235378819769  -0.190357394340   0.597337188856  -1.260320826302   0.444662269287  -5.906184109242  -2.041739962398   2.471242489075   0.885304001365  -0.416936933500  -0.110275162870   1.124628028070 
  0.299167409059  -0.718900411517  -2.834740861928   0.235734711486   0.886854280132  -0.692355836429   0.908328228340  -0.531879982786   0.638995418214  -3.428101243539  -0.869299955942  -0.357091504210   0.018601534725   0.885304001365   4.079554687751  -0.179691777730  -2.423932806053   0.152711604635 
  1.256198466506  -0.173023443013  -0.235734711486  -1.503993948517  -1.038178078857  -0.551755822702  -0.192326687229  -1.426581317949  -2.903665438747  -0.295591037381  -0.420689742238  -3.021219760434  -1.172628006684  -0.416936933500  -0.179691777730   4.052393228444   1.937150558498   0.051141505248 
  0.018743060867   0.726468985922   0.886854280132   1.038178078857  -2.628833837618  -0.114036719350  -2.590143160862   0.357539415114   1.314045825511  -0.136904179916  -0.582964471113   2.593644487469   0.336093899831  -0.110275162870  -2.423932806053   1.937150558498  26.264493549598  -0.168717672932 
  2.050954642377  -1.301729926407  -0.692355836429   0.551755822702  -0.114036719350 -18.542052574987  23.982338938624   0.442038811823   0.266146856993  -2.994932541110   0.947199125523  -0.684424733659   2.116798816669   1.124628028070   0.152711604635   0.051141505248  -0.168717672932  20.924507854550 

-98.568170237834 -20.990415509661   1.147046108948  16.809734573040  12.307319444335  -1.942349230576   0.000000000000  28.866983724833  43.196750814594   0.000000000000 -17.359657607963 301.820244857418  98.568170237834 -20.990415509661   1.147046108948 -16.809734573040  12.307319444335  -1.942349230576 

CA
  6.322246258291   0.474941391881   0.456823640978  -1.769057717225  -2.387789344690  -0.009287177663   0.120988984006  -2.266714683525  -3.992639528364   0.463483249546   2.912299171653 -16.315339883578  -5.743238267764   1.006417419264  -0.497341486022   1.641487451713  -0.188035774919  -0.304119194290 
  0.474941391881   1.465596070617   1.519283756469   0.137814053333  -1.590405053316   1.826960400816  -1.541450248102   1.007687511741  -0.251567848663   1.166475504358   0.430636473863   0.574024842146  -0.702314192151   0.098658161376  -0.929191198755   0.568207353136   0.491045749232   0.539501925244 
  0.456823640978   1.519283756469   6.572658267518   0.404158473316  -7.109960108970   2.929732405978  -3.583981542527  -0.385430619972   0.567686510630   2.363971709155  -0.817857162296   0.477491542367   0.369070269990  -0.971932163391  -2.058294106849   0.211192449748   1.303616515010  -2.029763111537 
 -1.769057717225   0.137814053333   0.404158473316   2.270685934621  -1.135562352705   1.020548518996  -1.408621028681   0.994029666866   1.329993418892   0.416531758126  -0.319660303272   3.884188942495   1.764858797729  -0.288525869737  -0.192956252067   0.439165198808   0.314431236857  -0.987256135302 
 -2.387789344690  -1.590405053316  -7.109960108970  -1.135562352705  30.328119347067  -4.575275363507   3.068537775134   0.463240467542  -0.069643654989  -1.704672917635  -0.191803860097   3.072983254638   0.045581070967   0.371205716939   1.311623313697  -0.554151409712  -1.613681239692   3.220525842878 
 -0.009287177663   1.826960400816   2.929732405978   1.020548518996  -4.575275363507  16.163345623866 -14.271967857368   2.162935423772  -1.263726480761   3.895074637663   2.730664287454   7.916378270749   0.674912327136   0.512497581138  -1.658606496399   1.532758541429   3.333332008401  -7.171774518778 
  0.120988984006  -1.541450248102  -3.583981542527  -1.408621028681   3.068537775134 -14.271967857368  22.326755206461  -0.132892352375  -0.092580954554  -6.409234131347  -0.229394973910  -0.750334467318  -0.734798162603   1.767799680807   3.191475800175  -2.056200101383  -3.012608086886  14.681385334922 
 -2.266714683525   1.007687511741  -0.385430619972   0.994029666866   0.463240467542   2.162935423772  -0.132892352375   5.895661278197   2.819611179776   0.120207422225   0.025756517054   7.018229437577   2.226923422441   0.226949222012  -0.426733413544  -0.189359979213   0.660624216871   2.653521013975 
 -3.992639528364  -0.251567848663   0.567686510630   1.329993418892  -0.069643654989  -1.263726480761  -0.092580954554   2.819611179776   7.357993374409  -0.561238754618  -3.788557847228   4.408389124458   3.826000782735  -0.408358809085   0.693212346113  -1.369796371662   0.077629089721  -1.184464162828 
  0.463483249546   1.166475504358   2.363971709155   0.416531758126  -1.704672917635   3.895074637663  -6.409234131347   0.120207422225  -0.561238754618   3.663213760061   0.306685353543  -0.119785711177  -0.286238529082  -0.775810260675  -2.431890927945   1.584886951034   1.226061119593  -3.717401168746 
  2.912299171653   0.430636473863  -0.817857162296  -0.319660303272  -0.191803860097   2.730664287454  -0.229394973910   0.025756517054  -3.788557847228   0.306685353543   6.263726460620  -3.057429484532  -2.432609177641   0.685471534015  -0.522426569364   0.865174734935   0.476052129841   1.045996417684 
-16.315339883578   0.574024842146   0.477491542367   3.884188942495   3.072983254638   7.916378270749  -0.750334467318   7.018229437577   4.408389124458  -0.119785711177  -3.057429484532  64.993531127900  16.034423752130   0.178833150836   0.382532556036  -3.700563275930   3.621358175632   7.073582642953 
 -5.743238267764  -0.702314192151   0.369070269990   1.764858797729   0.045581070967   0.674912327136  -0.734798162603   2.226923422441   3.826000782735  -0.286238529082  -2.432609177641  16.034423752130   5.957304504065  -0.603531914017   0.471913258850  -1.283340779373   1.230478159627  -0.264132167863 
  1.006417419264   0.098658161376  -0.971932163391  -0.288525869737   0.371205716939   0.512497581138   1.767799680807   0.226949222012  -0.408358809085  -0.775810260675   0.685471534015   0.178833150836  -0.603531914017   1.676899103779   0.947974134082  -0.212595313669   0.016519947678   1.648780680316 
 -0.497341486022  -0.929191198755  -2.058294106849  -0.192956252067   1.311623313697  -1.658606496399   3.191475800175  -0.426733413544   0.693212346113  -2.431890927945  -0.522426569364   0.382532556036   0.471913258850   0.947974134082   3.877550685402   0.060388873899  -2.539046013131   0.205479858801 
  1.641487451713   0.568207353136   0.211192449748   0.439165198808  -0.554151409712   1.532758541429  -2.056200101383  -0.189359979213  -1.369796371662   1.584886951034   0.865174734935  -3.700563275930  -1.283340779373  -0.212595313669   0.060388873899   3.740396644204  -1.956229421538  -1.070253160325 
 -0.188035774919   0.491045749232   1.303616515010   0.314431236857  -1.613681239692   3.333332008401  -3.012608086886   0.660624216871   0.077629089721   1.226061119593   0.476052129841   3.621358175632   1.230478159627   0.016519947678  -2.539046013131  -1.956229421538  26.616046456973  -0.787127625751 
 -0.304119194290   0.539501925244  -2.029763111537  -0.987256135302   3.220525842878  -7.171774518778  14.681385334922   2.653521013975  -1.184464162828  -3.717401168746   1.045996417684   7.073582642953  -0.264132167863   1.648780680316   0.205479858801  -1.070253160325  -0.787127625751  15.723476164579 

-68.392444974553   0.139768607367   3.312098870861  15.267421343711  10.690856338396  21.047107783728  -2.139812685600  34.763445676785  39.640433860024  -3.188186095100 -22.783456513015 230.962206158057  66.544774388623  -1.228501188323   4.275551286975 -16.378045652637  11.485343704483  20.240279984303 

CC
  8.144233592375   0.737999195681   0.270137109829  -2.131033753020  -2.746083768610  -0.827488679177  -0.372483279999  -3.016531569194  -3.841352774048  -0.597393673268   3.157549228381 -21.310940361292  -7.373709026823   2.505962760048  -0.235020248215   1.820835109312  -0.594153900126   0.756705504254 
  0.737999195681   1.739654475906   1.801237939845  -0.170436409979  -2.778800625259   1.948103608100  -1.873664164405   0.628155925904  -0.461207442026   0.905817578645   0.510988997246  -0.109589376342  -0.969524662094  -0.348083537450  -0.655247648477   0.373953165407   0.645746751478  -0.785803408296 
  0.270137109829   1.801237939845   5.644738709509   0.353734534085  -5.021325722001   3.703579694998  -3.054744958336  -0.557068560273   0.296024903662   2.395084971188  -0.677502047531   0.889869055689   0.288021263987  -0.955547866682  -2.371668026644  -0.070160719385   1.709626455544  -1.832425892830 
 -2.131033753020  -0.170436409979   0.353734534085   3.326770819380  -0.120582414978   0.542424869808  -1.489130782442   1.242848112078   2.286684537096   0.719551592975  -0.372439614841   4.476402370020   2.006727816951  -0.504601832456  -0.486825951311  -0.519607452071   0.982105418926  -0.984395942896 
 -2.746083768610  -2.778800625259  -5.021325722001  -0.120582414978  30.438114073050  -8.159134389475   4.059578083035   0.219508515780   0.217643919518  -1.852166018683  -0.683045086645   1.331223267452   0.542783905108   0.585188640809   1.529465061826  -0.236384278747  -1.931593744115   3.202665028361 
 -0.827488679177   1.948103608100   3.703579694998   0.542424869808  -8.159134389475  16.899646059741 -17.093356110068   3.301757042115  -0.475052974189   3.499001132759   0.852733512249   7.615206852759  -0.627127104008  -1.748371520493  -1.133508852590   0.630651377543   2.342498699693 -14.105008150419 
 -0.372483279999  -1.873664164405  -3.054744958336  -1.489130782442   4.059578083035 -17.093356110068  28.092757856154  -0.856443220021   0.089586570004  -6.794023841814  -0.547793771730   1.807963527409   2.092799222285   2.705297916678   2.952268905501  -0.822566424649  -3.171728782534  18.453200674442 
 -3.016531569194   0.628155925904  -0.557068560273   1.242848112078   0.219508515780   3.301757042115  -0.856443220021   6.557711353253   2.698914339399  -0.190789752438  -0.957862049213   9.260883911609   3.049436078150  -0.667060485595   0.366379603382  -0.928411214018   0.752133325157  -0.626362683429 
 -3.841352774048  -0.461207442026   0.296024903662   2.286684537096   0.217643919518  -0.475052974189   0.089586570004   2.698914339399   8.407491223177  -0.409600032544  -3.228235132824   5.655369791287   3.805477883445  -0.056135618556   0.255138220720  -2.259937332174   1.750279306482  -0.032298083125 
 -0.597393673268   0.905817578645   2.395084971188   0.719551592975  -1.852166018683   3.499001132759  -6.794023841814  -0.190789752438  -0.409600032544   4.335785657000  -0.486612006328   1.643663671142   0.126999203203  -1.458105172261  -2.977384596459   0.458222576982   2.027557116158  -4.294173369574 
  3.157549228381   0.510988997246  -0.677502047531  -0.372439614841  -0.683045086645   0.852733512249  -0.547793771730  -0.957862049213  -3.228235132824  -0.486612006328   4.527762501432  -3.736596566087  -2.735200372553   0.163753163760  -0.354661545968   1.433756307453  -0.468315719439  -0.333415830822 
-21.310940361292  -0.109589376342   0.889869055689   4.476402370020   1.331223267452   7.615206852759   1.807963527409   9.260883911609   5.655369791287   1.643663671142  -3.736596566087  74.993207083738  20.103729059355  -6.529367063154   0.417373948746  -4.197198678224   3.431024588069  -3.436671689798 
 -7.373709026823  -0.969524662094   0.288021263987   2.006727816951   0.542783905108  -0.627127104008   2.092799222285   3.049436078150   3.805477883445   0.126999203203  -2.735200372553  20.103729059355   7.512477271582  -1.903342337774  -0.344619625229  -1.430753994649   3.939321672621   1.357836601388 
  2.505962760048  -0.348083537450  -0.955547866682  -0.504601832456   0.585188640809  -1.748371520493   2.705297916678  -0.667060485595  -0.056135618556  -1.458105172261   0.163753163760  -6.529367063154  -1.903342337774   1.977993632521   0.936724839448  -0.308342225681  -0.940695465519   2.248096763610 
 -0.235020248215  -0.655247648477  -2.371668026644  -0.486825951311   1.529465061826  -1.133508852590   2.952268905501   0.366379603382   0.255138220720  -2.977384596459  -0.354661545968   0.417373948746  -0.344619625229   0.936724839448   8.345173448444  -1.644570909741  -9.741259016670   0.671049368532 
  1.820835109312   0.373953165407  -0.070160719385  -0.519607452071  -0.236384278747   0.630651377543  -0.822566424649  -0.928411214018  -2.259937332174   0.458222576982   1.433756307453  -4.197198678224  -1.430753994649  -0.308342225681  -1.644570909741   3.224835935007   3.015172440710  -0.451921562759 
 -0.594153900126   0.645746751478   1.709626455544   0.982105418926  -1.931593744115   2.342498699693  -3.171728782534   0.752133325157   1.750279306482   2.027557116158  -0.468315719439   3.431024588069   3.939321672621  -0.940695465519  -9.741259016670   3.015172440710  37.441691989024  -2.391630773329 
  0.756705504254  -0.785803408296  -1.832425892830  -0.984395942896   3.202665028361 -14.105008150419  18.453200674442  -0.626362683429  -0.032298083125  -4.294173369574  -0.333415830822  -3.436671689798   1.357836601388   2.248096763610   0.671049368532  -0.451921562759  -2.391630773329  17.013947601333 

-86.986980619170  -3.532888053149   3.822880897791  20.915264690950   6.739660129235  23.087428063352   6.505447428964  41.488529312771  47.242452773009   4.795765210765 -25.105553762241 276.083052935758  81.468590824334 -22.589614757898   3.379425828847 -22.771299823866  15.250574860087 -12.649724857992 

CG
  6.202691719625   0.609914849692   0.223109616658  -1.768483993391  -2.173234525647   0.154159891348  -0.257525748262  -2.194313573530  -3.861995907538   0.086524872131   2.439924873291 -16.335854153732  -5.857081623456   0.984084993513  -0.445712200176   1.948876861061  -0.034700209958  -0.244408104714 
  0.609914849692   1.579158481584   1.346990366537   0.020073226868  -1.671524143014   1.776066819153  -1.689167228009   0.915070481325  -0.288976470642   1.023337094649   0.577956198704   0.348171599669  -0.984084993513   0.339158627774  -0.995623559535   0.054896747475   0.262513435653   0.725789492000 
  0.223109616658   1.346990366537   6.436387511815   0.271317221225  -6.638819310513   2.537410600762  -3.249388629558  -0.367054317314   0.712531845195   2.393903569806  -0.640165145127   0.464536839818   0.445712200176  -0.995623559535  -2.139452240525   0.085171669879   1.276458983122  -1.466203820082 
 -1.768483993391   0.020073226868   0.271317221225   2.515784089891  -0.090462236208   1.125486097529  -1.205869569250   0.912244972703   1.354139445107   0.223069349618  -0.305543167534   4.096130207297   1.948876861061  -0.054896747475  -0.085171669879  -0.518545719726   0.575972463330  -0.867715925791 
 -2.173234525647  -1.671524143014  -6.638819310513  -0.090462236208  33.262380432368  -3.190700699141   2.973491131335   0.324780775998   0.102116819174  -1.478984780810   0.283794495783   2.832722437750   0.034700209958   0.262513435653   1.276458983122  -0.575972463330  -1.825135744506   2.969891525871 
  0.154159891348   1.776066819153   2.537410600762   1.125486097529  -3.190700699141  15.409336492551 -13.996295186177   2.496729309256  -1.241674645880   3.532573097297   1.287650514889   6.897935905288   0.244408104714   0.725789492000  -1.466203820082   0.867715925791   2.969891525871  -7.173555553367 
 -0.257525748262  -1.689167228009  -3.249388629558  -1.205869569250   2.973491131335 -13.996295186177  21.823842096982  -0.000000000000  -0.000000000000  -6.785074405424   0.000000000000  -0.000000000000  -0.257525748262   1.689167228009   3.249388629558  -1.205869569250  -2.973491131335  13.996295186177 
 -2.194313573530   0.915070481325  -0.367054317314   0.912244972703   0.324780775998   2.496729309256  -0.000000000000   5.902485856650   2.387129635039   0.000000000000  -0.117454649782   7.786376065509   2.194313573530   0.915070481325  -0.367054317314  -0.912244972703   0.324780775998   2.496729309256 
 -3.861995907538  -0.288976470642   0.712531845195   1.354139445107   0.102116819174  -1.241674645880  -0.000000000000   2.387129635039   7.212981693719   0.000000000000  -3.446802645119   4.391287179576   3.861995907538  -0.288976470642   0.712531845195  -1.354139445107   0.102116819174  -1.241674645880 
  0.086524872131   1.023337094649   2.393903569806   0.223069349618  -1.478984780810   3.532573097297  -6.785074405424   0.000000000000   0.000000000000   3.782465095170   0.000000000000   0.000000000000   0.086524872131  -1.023337094649  -2.393903569806   0.223069349618   1.478984780810  -3.532573097297 
  2.439924873291   0.577956198704  -0.640165145127  -0.305543167534   0.283794495783   1.287650514889   0.000000000000  -0.117454649782  -3.446802645119   0.000000000000   6.103988215099  -3.242562458727  -2.439924873291   0.577956198704  -0.640165145127   0.305543167534   0.283794495783   1.287650514889 
-16.335854153732   0.348171599669   0.464536839818   4.096130207297   2.832722437750   6.897935905288  -0.000000000000   7.786376065509   4.391287179576   0.000000000000  -3.242562458727  65.910504684009  16.335854153732   0.348171599669   0.464536839818  -4.096130207297   2.832722437750   6.897935905288 
 -5.857081623456  -0.984084993513   0.445712200176   1.948876861061   0.034700209958   0.244408104714  -0.257525748262   2.194313573530   3.861995907538   0.086524872131  -2.439924873291  16.335854153732   6.202691719625  -0.609914849692  -0.223109616658  -1.768483993391   2.173234525647  -0.154159891348 
  0.984084993513   0.339158627774  -0.995623559535  -0.054896747475   0.262513435653   0.725789492000   1.689167228009   0.915070481325  -0.288976470642  -1.023337094649   0.577956198704   0.348171599669  -0.609914849692   1.579158481584   1.346990366537  -0.020073226868  -1.671524143014   1.776066819153 
 -0.445712200176  -0.995623559535  -2.139452240525  -0.085171669879   1.276458983122  -1.466203820082   3.249388629558  -0.367054317314   0.712531845195  -2.393903569806  -0.640165145127   0.464536839818  -0.223109616658   1.346990366537   6.436387511815  -0.271317221225  -6.638819310513   2.537410600762 
  1.948876861061   0.054896747475   0.085171669879  -0.518545719726  -0.575972463330   0.867715925791  -1.205869569250  -0.912244972703  -1.354139445107   0.223069349618   0.305543167534  -4.096130207297  -1.768483993391  -0.020073226868  -0.271317221225   2.515784089891   0.090462236208  -1.125486097529 
 -0.034700209958   0.262513435653   1.276458983122   0.575972463330  -1.825135744506   2.969891525871  -2.973491131335   0.324780775998   0.102116819174   1.478984780810   0.283794495783   2.832722437750   2.173234525647  -1.671524143014  -6.638819310513   0.090462236208  33.262380432368  -3.190700699141 
 -0.244408104714   0.725789492000  -1.466203820082  -0.867715925791   2.969891525871  -7.173555553367  13.996295186177   2.496729309256  -1.241674645880  -3.532573097297   1.287650514889   6.897935905288  -0.154159891348   1.776066819153   2.537410600762  -1.125486097529  -3.190700699141  15.409336492551 

-67.741924600491  -0.786767860453   4.291699487935  16.129332558227   9.811712920641  19.071243203484   0.000000000000  35.676304898370  38.532458052588   0.000000000000 -21.649033045744 234.389615608889  67.741924600491  -0.786767860453   4.291699487935 -16.129332558227   9.811712920641  19.071243203484 

CT
  8.611125703587   1.108710932689  -0.446193104408  -1.397776951123  -0.983207010359   0.820171670754  -2.939266531288  -1.748068141829  -3.386032469910  -1.785380757287   3.192691693132 -20.984545400615  -7.870152909665   2.703062328101   0.371436367102   1.470859967441  -0.622352576774  -0.411928092255 
  1.108710932689   1.919011040473   1.387543142199   0.117960072848  -2.905945071014   1.643615465648  -2.038337350670   0.062087544892   0.030710991682   0.322621554440   1.052013947779  -0.781832353810  -0.986271780675  -0.162599956891  -0.500607163275   0.073641650938   0.886309212774  -0.482525325418 
 -0.446193104408   1.387543142199   6.307566206179   0.113009062305  -6.449656755715   3.316528293175  -2.443710549097  -0.906251239312  -0.359764470545   3.079874113075  -1.468283982828   1.550227874749   0.719528201399  -1.435725230212  -2.790218026661   0.358969742992   1.033270782262  -1.891174960083 
 -1.397776951123   0.117960072848   0.113009062305   3.223064946866  -0.453680534994   1.506665324519  -2.288271779465   0.960491214214   2.561317891234  -0.067218586658   0.191343393590   4.187614839711   1.837618963097   0.034255628837  -0.093691824547  -1.439296843108   1.428263324350  -1.256199271319 
 -0.983207010359  -2.905945071014  -6.449656755715  -0.453680534994  30.225140162493  -4.462713938098   3.280202798970   1.028038978153   0.220261497326  -1.543824108787  -1.311332849533   1.027488810278   0.271727338820   0.603794997343   1.613346277616  -0.411678557162  -1.845505640248   2.442806101473 
  0.820171670754   1.643615465648   3.316528293175   1.506665324519  -4.462713938098  16.615355019508 -18.141750768620   2.597102044680   0.415415063618   2.935780957339  -0.097675668809   5.078809649729  -1.471622215330   0.096788360626  -0.340812958564  -0.180639518617   2.284120121500 -14.155538845841 
 -2.939266531288  -2.038337350670  -2.443710549097  -2.288271779465   3.280202798970 -18.141750768620  31.506973145617  -0.910341875390  -2.052996405945  -5.028822676882   0.329007989876   6.213448362881   4.226532666667   0.668821413001   1.838408474714   0.398158383424  -3.386037222646  20.295443937207 
 -1.748068141829   0.062087544892  -0.906251239312   0.960491214214   1.028038978153   2.597102044680  -0.910341875390   6.587394707554   2.994124850807  -0.440395570688  -1.660103327336   5.589837373689   2.224402943509   1.008225547543   0.450163642205  -0.842768039982   0.589252302942  -0.091370118023 
 -3.386032469910   0.030710991682  -0.359764470545   2.561317891234   0.220261497326   0.415415063618  -2.052996405945   2.994124850807   9.485019917945  -1.155315066815  -3.056155924993   4.980345369052   3.361068856759   0.385508471459   1.167898836115  -2.376647580751   2.050288751236  -1.282552787345 
 -1.785380757287   0.322621554440   3.079874113075  -0.067218586658  -1.543824108787   2.935780957339  -5.028822676882  -0.440395570688  -1.155315066815   5.515806174567  -1.591924537390   4.141528854156   1.232600621445  -1.755631395589  -3.522472535621  -0.294730812924   1.374033440116  -3.795147114315 
  3.192691693132   1.052013947779  -1.468283982828   0.191343393590  -1.311332849533  -0.097675668809   0.329007989876  -1.660103327336  -3.056155924993  -1.591924537390   6.156070141116  -3.709701311719  -2.539628881954   0.275798621044  -0.005049796459   0.796002941697  -0.413671063981   1.367985057998 
-20.984545400615  -0.781832353810   1.550227874749   4.187614839711   1.027488810278   5.078809649729   6.213448362881   5.589837373689   4.980345369052   4.141528854156  -3.709701311719  72.673912301990  21.032360543286  -5.631939848679  -0.570395033642  -3.343259304122   4.120738664983  -1.462092541517 
 -7.870152909665  -0.986271780675   0.719528201399   1.837618963097   0.271727338820  -1.471622215330   4.226532666667   2.224402943509   3.361068856759   1.232600621445  -2.539628881954  21.032360543286   8.136794346412  -1.998757288988  -0.249072335222  -1.435161789295   1.892762101369   2.130431711959 
  2.703062328101  -0.162599956891  -1.435725230212   0.034255628837   0.603794997343   0.096788360626   0.668821413001   1.008225547543   0.385508471459  -1.755631395589   0.275798621044  -5.631939848679  -1.998757288988   2.393977865096   1.337902000965  -0.304454988850  -0.732306618338   1.150663029165 
  0.371436367102  -0.500607163275  -2.790218026661  -0.093691824547   1.613346277616  -0.340812958564   1.838408474714   0.450163642205   1.167898836115  -3.522472535621  -0.005049796459  -0.570395033642  -0.249072335222   1.337902000965   3.796620272862  -0.445470718950  -4.535539949171   0.912791391986 
  1.470859967441   0.073641650938   0.358969742992  -1.439296843108  -0.411678557162  -0.180639518617   0.398158383424  -0.842768039982  -2.376647580751  -0.294730812924   0.796002941697  -3.343259304122  -1.435161789295  -0.304454988850  -0.445470718950   3.596364378140   2.186622476120   0.436361044421 
 -0.622352576774   0.886309212774   1.033270782262   1.428263324350  -1.845505640248   2.284120121500  -3.386037222646   0.589252302942   2.050288751236   1.374033440116  -0.413671063981   4.120738664983   1.892762101369  -0.732306618338  -4.535539949171   2.186622476120  29.249575421115  -2.702231441886 
 -0.411928092255  -0.482525325418  -1.891174960083  -1.256199271319   2.442806101473 -14.155538845841  20.295443937207  -0.091370118023  -1.282552787345  -3.795147114315   1.367985057998  -1.462092541517   2.130431711959   1.150663029165   0.912791391986   0.436361044421  -2.702231441886  18.046364781695 

-86.990468824840  -6.049748848861   5.330036881214  18.790997137767   6.219183265083  15.053727782503  19.699744882891  28.910303812446  46.632119864595  12.221760933631 -26.838879199446 268.124473374886  84.968795416905 -20.035588502045   1.380178880987 -17.955377922432  17.423907711457  -7.899591548327 

GA
  7.409789555108   1.992030926441   0.580633621481  -1.786053707943  -3.036419028343  -0.830312548378   1.651187470994  -2.785752198786  -4.251471509964   0.289190955663   2.432306345196 -19.341528855933  -7.149537468634   1.317232953730   0.091498528074   2.169954141926  -0.678655870551   0.483304639189 
  1.992030926441   2.109990892040   1.088759635191   0.297634975917  -0.990995246698   2.436140358218  -2.804349907861  -1.174527687173  -0.017043055547   1.645771307953   0.008476947184  -7.538032864464  -2.405244159824  -0.567912730783  -0.729868955909   0.521139256495   0.679228265688  -2.666627273795 
  0.580633621481   1.088759635191   7.390771755186   0.929330284927  -8.333728580271   1.197408552811  -2.824286715941   0.342388945562  -0.706378102749   2.986059033030  -0.099540027895   0.108810411278  -0.012554130575  -0.499478093787  -2.346247924307   0.423382913524   1.310349723049  -1.197049800054 
 -1.786053707943   0.297634975917   0.929330284927   2.966646584796  -1.690103362578   0.234966625958   0.141223291065   1.484129560833   2.295889173999  -0.420561985255  -1.170090778911   5.161347135256   1.915178197188  -0.239638690776   0.241833647123  -1.170161664924   0.659146204501   0.944478395458 
 -3.036419028343  -0.990995246698  -8.333728580271  -1.690103362578  32.405973578604  -3.918181233456   1.519355823230   0.218755713570   1.707404207015  -1.444854643824   0.529052746839   2.337676937347   0.237776232067   0.559673702574   1.181320588161  -1.299098150311  -2.184288731024   1.130009514203 
 -0.830312548378   2.436140358218   1.197408552811   0.234966625958  -3.918181233456  16.722927137248 -17.267130754883  -1.606528284971   0.144070592342   4.887913487180   0.229048920995  -6.205595219769  -0.059160263028  -1.431660425520  -1.186484072294   1.227976086133   1.409920073382 -14.753487124271 
  1.651187470994  -2.804349907861  -2.824286715941   0.141223291065   1.519355823230 -17.267130754883  27.191509354632   1.186313462807   0.117676354198  -6.932287760044   0.535188972303  -2.101432088867  -1.414443933277   1.860477753610   2.372099022437  -1.307201727495  -2.525823222728  17.832461038460 
 -2.785752198786  -1.174527687173   0.342388945562   1.484129560833   0.218755713570  -1.606528284971   1.186313462807   6.541038882503   3.295437645127  -0.131059129560  -1.355075959892   8.198221817621   2.733183409356  -0.213513427515  -0.671825094018  -0.985810495458   0.446975368305   3.425929518154 
 -4.251471509964  -0.017043055547  -0.706378102749   2.295889173999   1.707404207015   0.144070592342   0.117676354198   3.295437645127   9.022735011423  -1.056127844968  -3.918967023146   6.522366344946   3.886565764313  -0.604758444684   0.804755095643  -2.668271145036   0.560830098784   0.247372198316 
  0.289190955663   1.645771307953   2.986059033030  -0.420561985255  -1.444854643824   4.887913487180  -6.932287760044  -0.131059129560  -1.056127844968   5.087055646064   1.373063510457  -1.935088987751  -0.663406470698  -0.715507867443  -2.739797767933   1.332015369337   0.912577398257  -4.285206111224 
  2.432306345196   0.008476947184  -0.099540027895  -1.170090778911   0.529052746839   0.229048920995   0.535188972303  -1.355075959892  -3.918967023146   1.373063510457   5.734923066616  -3.778659313799  -2.692088434378   0.552595562181  -0.649112659091   0.771546041215  -0.541401817789   0.377679000186 
-19.341528855933  -7.538032864464   0.108810411278   5.161347135256   2.337676937347  -6.205595219769  -2.101432088867   8.198221817621   6.522366344946  -1.935088987751  -3.778659313799  74.219091155446  20.311736733572  -0.688105306126  -0.043339070833  -4.974563980040   2.323485292352   6.538373085632 
 -7.149537468634  -2.405244159824  -0.012554130575   1.915178197188   0.237776232067  -0.059160263028  -1.414443933277   2.733183409356   3.886565764313  -0.663406470698  -2.692088434378  20.311736733572   7.753531601623  -0.792646171900   0.252843557916  -1.773131827929   0.711223554828  -0.405150910206 
  1.317232953730  -0.567912730783  -0.499478093787  -0.239638690776   0.559673702574  -1.431660425520   1.860477753610  -0.213513427515  -0.604758444684  -0.715507867443   0.552595562181  -0.688105306126  -0.792646171900   1.871294254962   0.787337142674   0.059365398869  -0.620312785317   1.340366635201 
  0.091498528074  -0.729868955909  -2.346247924307   0.241833647123   1.181320588161  -1.186484072294   2.372099022437  -0.671825094018   0.804755095643  -2.739797767933  -0.649112659091  -0.043339070833   0.252843557916   0.787337142674   3.666337900388   0.068625810860  -0.466634471884   0.322292767776 
  2.169954141926   0.521139256495   0.423382913524  -1.170161664924  -1.299098150311   1.227976086133  -1.307201727495  -0.985810495458  -2.668271145036   1.332015369337   0.771546041215  -4.974563980040  -1.773131827929   0.059365398869   0.068625810860   4.170525566686  -1.692233081233  -1.023855031850 
 -0.678655870551   0.679228265688   1.310349723049   0.659146204501  -2.184288731024   1.409920073382  -2.525823222728   0.446975368305   0.560830098784   0.912577398257  -0.541401817789   2.323485292352   0.711223554828  -0.620312785317  -0.466634471884  -1.692233081233  23.639702971755   0.226049624391 
  0.483304639189  -2.666627273795  -1.197049800054   0.944478395458   1.130009514203 -14.753487124271  17.832461038460   3.425929518154   0.247372198316  -4.285206111224   0.377679000186   6.538373085632  -0.405150910206   1.340366635201   0.322292767776  -1.023855031850   0.226049624391  17.446626467557 

-80.575234136011 -26.227564249168  -1.924886332394  26.212748737964  12.236883005505 -22.840573720152  -6.111125657257  40.028871921224  53.253774643063 -12.182344983873 -27.342306385549 276.720966693406  83.389018891532  -5.665838922177   3.246812498722 -25.290774004913  10.402720889957  24.284549054294 

GC
  8.790259465409   1.654376472712   0.145905481050  -1.641244743376  -2.368047358626  -1.728651060608   1.643111747724  -3.881294652282  -3.275316295688  -0.532749392449   2.176905866680 -23.241062701072  -8.001575821967   2.682382662641   0.239947372096   2.142629083744  -0.464483215866   1.758620147274 
  1.654376472712   1.987488720708   0.484872022061  -0.184152250888  -0.123746879420   2.570223157613  -3.527680010330  -0.811930256271   0.076741713300   1.525765491632   0.148167545202  -5.596564462925  -2.682382662641  -0.789597455281  -0.742492492859   0.127655411556   0.627125941277  -2.903986396038 
  0.145905481050   0.484872022061   7.022620302787   0.914089463967  -6.827414865626   0.188605642474  -2.325242963805  -0.287012878393  -0.018608688972   2.517675854037  -0.161612670799  -0.277333346933  -0.239947372096  -0.742492492859  -2.275684436098  -0.208932556151   1.305223703181  -1.207600484452 
 -1.641244743376  -0.184152250888   0.914089463967   3.573556805480  -2.136725811464  -0.421721552329   0.115620799116   1.161618229059   2.444987029929  -0.140945210943  -0.884412238920   4.377912318499   2.142629083744  -0.127655411556   0.208932556151  -1.231149397357   1.289605245039   0.307818575341 
 -2.368047358626  -0.123746879420  -6.827414865626  -2.136725811464  32.828307554197  -0.120297468167   3.493029639269   0.402996715500   1.498452183101  -0.935629751850  -0.442957772286   2.519295167207   0.464483215866   0.627125941277   1.305223703181  -1.289605245039  -2.978071642352   1.784631191353 
 -1.728651060608   2.570223157613   0.188605642474  -0.421721552329  -0.120297468167  17.717080922166 -20.241966435440   0.642675277819   0.580983801025   3.482553238615  -0.437663236313  -0.991096144399  -1.758620147274  -2.903986396038  -1.207600484452  -0.307818575341   1.784631191353 -15.884248862356 
  1.643111747724  -3.527680010330  -2.325242963805   0.115620799116   3.493029639269 -20.241966435440  30.720791445270   0.000000000000   0.000000000000  -6.166079328611   0.000000000000  -0.000000000000   1.643111747724   3.527680010330   2.325242963805   0.115620799116  -3.493029639269  20.241966435440 
 -3.881294652282  -0.811930256271  -0.287012878393   1.161618229059   0.402996715500   0.642675277819   0.000000000000   7.016264583394   2.561046220511  -0.000000000000  -0.244379795969  12.085571610999   3.881294652282  -0.811930256271  -0.287012878393  -1.161618229059   0.402996715500   0.642675277819 
 -3.275316295688   0.076741713300  -0.018608688972   2.444987029929   1.498452183101   0.580983801025   0.000000000000   2.561046220511   8.139198329095   0.000000000000  -2.189308068537   4.147347145038   3.275316295688   0.076741713300  -0.018608688972  -2.444987029929   1.498452183101   0.580983801025 
 -0.532749392449   1.525765491632   2.517675854037  -0.140945210943  -0.935629751850   3.482553238615  -6.166079328611  -0.000000000000   0.000000000000   4.518234945176  -0.000000000000  -0.000000000000  -0.532749392449  -1.525765491632  -2.517675854037  -0.140945210943   0.935629751850  -3.482553238615 
  2.176905866680   0.148167545202  -0.161612670799  -0.884412238920  -0.442957772286  -0.437663236313   0.000000000000  -0.244379795969  -2.189308068537  -0.000000000000   5.212022464271  -1.005649051184  -2.176905866680   0.148167545202  -0.161612670799   0.884412238920  -0.442957772286  -0.437663236313 
-23.241062701072  -5.596564462925  -0.277333346933   4.377912318499   2.519295167207  -0.991096144399  -0.000000000000  12.085571610999   4.147347145038  -0.000000000000  -1.005649051184  80.641959875433  23.241062701072  -5.596564462925  -0.277333346933  -4.377912318499   2.519295167207  -0.991096144399 
 -8.001575821967  -2.682382662641  -0.239947372096   2.142629083744   0.464483215866  -1.758620147274   1.643111747724   3.881294652282   3.275316295688  -0.532749392449  -2.176905866680  23.241062701072   8.790259465409  -1.654376472712  -0.145905481050  -1.641244743376   2.368047358626   1.728651060608 
  2.682382662641  -0.789597455281  -0.742492492859  -0.127655411556   0.627125941277  -2.903986396038   3.527680010330  -0.811930256271   0.076741713300  -1.525765491632   0.148167545202  -5.596564462925  -1.654376472712   1.987488720708   0.484872022061   0.184152250888  -0.123746879420   2.570223157613 
  0.239947372096  -0.742492492859  -2.275684436098   0.208932556151   1.305223703181  -1.207600484452   2.325242963805  -0.287012878393  -0.018608688972  -2.517675854037  -0.161612670799  -0.277333346933  -0.145905481050   0.484872022061   7.022620302787  -0.914089463967  -6.827414865626   0.188605642474 
  2.142629083744   0.127655411556  -0.208932556151  -1.231149397357  -1.289605245039  -0.307818575341   0.115620799116  -1.161618229059  -2.444987029929  -0.140945210943   0.884412238920  -4.377912318499  -1.641244743376   0.184152250888  -0.914089463967   3.573556805480   2.136725811464   0.421721552329 
 -0.464483215866   0.627125941277   1.305223703181   1.289605245039  -2.978071642352   1.784631191353  -3.493029639269   0.402996715500   1.498452183101   0.935629751850  -0.442957772286   2.519295167207   2.368047358626  -0.123746879420  -6.827414865626   2.136725811464  32.828307554197  -0.120297468167 
  1.758620147274  -2.903986396038  -1.207600484452   0.307818575341   1.784631191353 -15.884248862356  20.241966435440   0.642675277819   0.580983801025  -3.482553238615  -0.437663236313  -0.991096144399   1.728651060608   2.570223157613   0.188605642474   0.421721552329  -0.120297468167  17.717080922166 

-91.563158949140 -18.742698539832  -0.278073681684  23.582523398130  13.088076538679  -0.687594480052   0.000000000000  49.301661909401  40.373253707874   0.000000000000 -12.954447245774 290.740044048057  91.563158949140 -18.742698539832  -0.278073681684 -23.582523398130  13.088076538679  -0.687594480052 

GG
  7.512477271582   1.903342337774   0.344619625229  -1.430753994649  -3.939321672621  -1.357836601388   2.092799222285  -3.049436078150  -3.805477883445   0.126999203203   2.735200372553 -20.103729059355  -7.373709026823   0.969524662094  -0.288021263987   2.006727816951  -0.542783905108   0.627127104008 
  1.903342337774   1.977993632521   0.936724839448   0.308342225681  -0.940695465519   2.248096763610  -2.705297916678  -0.667060485595  -0.056135618556   1.458105172261   0.163753163760  -6.529367063154  -2.505962760048  -0.348083537450  -0.955547866682   0.504601832456   0.585188640809  -1.748371520493 
  0.344619625229   0.936724839448   8.345173448444   1.644570909741  -9.741259016670   0.671049368532  -2.952268905501   0.366379603382   0.255138220720   2.977384596459  -0.354661545968   0.417373948746   0.235020248215  -0.655247648477  -2.371668026644   0.486825951311   1.529465061826  -1.133508852590 
 -1.430753994649   0.308342225681   1.644570909741   3.224835935007  -3.015172440710   0.451921562759  -0.822566424649   0.928411214018   2.259937332174   0.458222576982  -1.433756307453   4.197198678224   1.820835109312  -0.373953165407   0.070160719385  -0.519607452071   0.236384278747  -0.630651377543 
 -3.939321672621  -0.940695465519  -9.741259016670  -3.015172440710  37.441691989024  -2.391630773329   3.171728782534   0.752133325157   1.750279306482  -2.027557116158  -0.468315719439   3.431024588069   0.594153900126   0.645746751478   1.709626455544  -0.982105418926  -1.931593744115   2.342498699693 
 -1.357836601388   2.248096763610   0.671049368532   0.451921562759  -2.391630773329  17.013947601333 -18.453200674442  -0.626362683429  -0.032298083125   4.294173369574  -0.333415830822  -3.436671689798  -0.756705504254  -0.785803408296  -1.832425892830   0.984395942896   3.202665028361 -14.105008150419 
  2.092799222285  -2.705297916678  -2.952268905501  -0.822566424649   3.171728782534 -18.453200674442  28.092757856154   0.856443220021  -0.089586570004  -6.794023841814   0.547793771730  -1.807963527409  -0.372483279999   1.873664164405   3.054744958336  -1.489130782442  -4.059578083035  17.093356110068 
 -3.049436078150  -0.667060485595   0.366379603382   0.928411214018   0.752133325157  -0.626362683429   0.856443220021   6.557711353253   2.698914339399   0.190789752438  -0.957862049213   9.260883911609   3.016531569194   0.628155925904  -0.557068560273  -1.242848112078   0.219508515780   3.301757042115 
 -3.805477883445  -0.056135618556   0.255138220720   2.259937332174   1.750279306482  -0.032298083125  -0.089586570004   2.698914339399   8.407491223177   0.409600032544  -3.228235132824   5.655369791287   3.841352774048  -0.461207442026   0.296024903662  -2.286684537096   0.217643919518  -0.475052974189 
  0.126999203203   1.458105172261   2.977384596459   0.458222576982  -2.027557116158   4.294173369574  -6.794023841814   0.190789752438   0.409600032544   4.335785657000   0.486612006328  -1.643663671142  -0.597393673268  -0.905817578645  -2.395084971188   0.719551592975   1.852166018683  -3.499001132759 
  2.735200372553   0.163753163760  -0.354661545968  -1.433756307453  -0.468315719439  -0.333415830822   0.547793771730  -0.957862049213  -3.228235132824   0.486612006328   4.527762501432  -3.736596566087  -3.157549228381   0.510988997246  -0.677502047531   0.372439614841  -0.683045086645   0.852733512249 
-20.103729059355  -6.529367063154   0.417373948746   4.197198678224   3.431024588069  -3.436671689798  -1.807963527409   9.260883911609   5.655369791287  -1.643663671142  -3.736596566087  74.993207083738  21.310940361292  -0.109589376342   0.889869055689  -4.476402370020   1.331223267452   7.615206852759 
 -7.373709026823  -2.505962760048   0.235020248215   1.820835109312   0.594153900126  -0.756705504254  -0.372483279999   3.016531569194   3.841352774048  -0.597393673268  -3.157549228381  21.310940361292   8.144233592375  -0.737999195681  -0.270137109829  -2.131033753020   2.746083768610   0.827488679177 
  0.969524662094  -0.348083537450  -0.655247648477  -0.373953165407   0.645746751478  -0.785803408296   1.873664164405   0.628155925904  -0.461207442026  -0.905817578645   0.510988997246  -0.109589376342  -0.737999195681   1.739654475906   1.801237939845   0.170436409979  -2.778800625259   1.948103608100 
 -0.288021263987  -0.955547866682  -2.371668026644   0.070160719385   1.709626455544  -1.832425892830   3.054744958336  -0.557068560273   0.296024903662  -2.395084971188  -0.677502047531   0.889869055689  -0.270137109829   1.801237939845   5.644738709509  -0.353734534085  -5.021325722001   3.703579694998 
  2.006727816951   0.504601832456   0.486825951311  -0.519607452071  -0.982105418926   0.984395942896  -1.489130782442  -1.242848112078  -2.286684537096   0.719551592975   0.372439614841  -4.476402370020  -2.131033753020   0.170436409979  -0.353734534085   3.326770819380   0.120582414978  -0.542424869808 
 -0.542783905108   0.585188640809   1.529465061826   0.236384278747  -1.931593744115   3.202665028361  -4.059578083035   0.219508515780   0.217643919518   1.852166018683  -0.683045086645   1.331223267452   2.746083768610  -2.778800625259  -5.021325722001   0.120582414978  30.438114073050  -8.159134389475 
  0.627127104008  -1.748371520493  -1.133508852590  -0.630651377543   2.342498699693 -14.105008150419  17.093356110068   3.301757042115  -0.475052974189  -3.499001132759   0.852733512249   7.615206852759   0.827488679177   1.948103608100   3.703579694998  -0.542424869808  -8.159134389475  16.899646059741 

-81.468590824334 -22.589614757898   3.379425828847  22.771299823866  15.250574860087 -12.649724857992  -6.505447428964  41.488529312771  47.242452773009  -4.795765210765 -25.105553762241 276.083052935758  86.986980619170  -3.532888053149   3.822880897791 -20.915264690950   6.739660129235  23.087428063352 

GT
  9.302063903779   1.453741467018  -0.542391791084  -1.522061077660  -0.522471514475  -1.598932675710   0.479220382072  -2.442824833038  -2.944018201910  -1.702688122552   2.383151810730 -23.591680387386  -8.572727392138   3.001961803382   0.791749473787   1.549317192223  -0.457109254210   1.597523498494 
  1.453741467018   1.835975842711   0.286671821033  -0.045778720109  -0.002511762763   2.203004369362  -3.148936400907  -1.222227490331   0.271178855724   1.141816698716   0.054503528353  -5.395071633600  -2.444691271416  -0.646148838242  -0.398301158893   0.170609600384   0.302605390724  -2.753713963856 
 -0.542391791084   0.286671821033   7.344674076848   1.123180251837  -8.503503687647  -0.091038133792  -1.710529549265  -0.824286948986  -0.418370529315   2.676841825198  -1.054343404387   0.593665626026   0.284819606996  -0.901261471115  -2.587594041874   0.282445041129   0.998796077169  -1.136581203933 
 -1.522061077660  -0.045778720109   1.123180251837   3.458129745509  -2.027868510709  -0.020687024303  -1.087374740284   1.460655711625   3.030515746211  -0.323832879250  -0.568674654822   4.630137842915   1.811609802068  -0.205139916963   0.348086878942  -0.643401607181   1.020323694397  -0.403192230493 
 -0.522471514475  -0.002511762763  -8.503503687647  -2.027868510709  29.008564443559   0.724100727361   3.358036842622   0.714272358230   1.060746037974  -0.944420215858  -0.771398649447   1.542385157461  -0.101151669049   0.653266879999   1.369584013515  -0.887423500761  -2.518191282047   0.622812631574 
 -1.598932675710   2.203004369362  -0.091038133792  -0.020687024303   0.724100727361  19.321469482678 -22.049900103360   0.171950670905   1.357414106438   3.926046440636  -0.482211313004  -1.251648024004  -2.201300366557  -1.538532377406  -0.739506835578  -1.152871488514   0.323421312652 -17.786692818848 
  0.479220382072  -3.148936400907  -1.710529549265  -1.087374740284   3.358036842622 -22.049900103360  34.808270932820  -0.508852371360  -2.118608030591  -4.848302674358   1.088717307307   1.810421292816   2.420103971342   1.119477738821   1.417680430191   0.588856140227  -3.110859035177  22.338530864334 
 -2.442824833038  -1.222227490331  -0.824286948986   1.460655711625   0.714272358230   0.171950670905  -0.508852371360   7.211776502626   3.307513828309  -0.330146497560  -0.347306296228   8.814033403903   3.014204844336   0.306984185124  -0.022020431633  -1.616970730957   0.404113495792   1.109282234284 
 -2.944018201910   0.271178855724  -0.418370529315   3.030515746211   1.060746037974   1.357414106438  -2.118608030591   3.307513828309  10.337505001168  -0.910457115237  -2.768006159459   3.897946616285   3.093732098370   0.209348468956   1.108059656748  -2.520922723369   1.885295726179  -0.474533361136 
 -1.702688122552   1.141816698716   2.676841825198  -0.323832879250  -0.944420215858   3.926046440636  -4.848302674358  -0.330146497560  -0.910457115237   4.734689476461  -0.688225291961   1.308345756520   0.409014518542  -1.737364969296  -3.071919952883  -0.332557050939   0.813860411346  -3.324595804406 
  2.383151810730   0.054503528353  -1.054343404387  -0.568674654822  -0.771398649447  -0.482211313004   1.088717307307  -0.347306296228  -2.768006159459  -0.688225291961   7.847393495126  -0.692737827310  -2.379244682852   0.233355768350   0.120725326168   0.182471759626  -1.136542732254   1.048500891914 
-23.591680387386  -5.395071633600   0.593665626026   4.630137842915   1.542385157461  -1.251648024004   1.810421292816   8.814033403903   3.897946616285   1.308345756520  -0.692737827310  81.781809419808  24.627928114030  -5.431749376913  -0.937715342107  -3.409904507749   3.555981317545   0.059759580405 
 -8.572727392138  -2.444691271416   0.284819606996   1.811609802068  -0.101151669049  -2.201300366557   2.420103971342   3.014204844336   3.093732098370   0.409014518542  -2.379244682852  24.627928114030   9.635440407112  -2.087794099503  -0.547213874559  -1.338580011110   1.693623779818   2.180710817926 
  3.001961803382  -0.646148838242  -0.901261471115  -0.205139916963   0.653266879999  -1.538532377406   1.119477738821   0.306984185124   0.209348468956  -1.737364969296   0.233355768350  -5.431749376913  -2.087794099503   2.400264731055   1.137083964335  -0.193039096912  -0.235224509527   1.344276870039 
  0.791749473787  -0.398301158893  -2.587594041874   0.348086878942   1.369584013515  -0.739506835578   1.417680430191  -0.022020431633   1.108059656748  -3.071919952883   0.120725326168  -0.937715342107  -0.547213874559   1.137083964335   3.842097198799  -0.278759127258  -1.171042237043   0.398933266008 
  1.549317192223   0.170609600384   0.282445041129  -0.643401607181  -0.887423500761  -1.152871488514   0.588856140227  -1.616970730957  -2.520922723369  -0.332557050939   0.182471759626  -3.409904507749  -1.338580011110  -0.193039096912  -0.278759127258   3.777339945530   2.011115241671   0.317874976689 
 -0.457109254210   0.302605390724   0.998796077169   1.020323694397  -2.518191282047   0.323421312652  -3.110859035177   0.404113495792   1.885295726179   0.813860411346  -1.136542732254   3.555981317545   1.693623779818  -0.235224509527  -1.171042237043   2.011115241671  28.290458011636  -1.168632014600 
  1.597523498494  -2.753713963856  -1.136581203933  -0.403192230493   0.622812631574 -17.786692818848  22.338530864334   1.109282234284  -0.474533361136  -3.324595804406   1.048500891914   0.059759580405   2.180710817926   1.344276870039   0.398933266008   0.317874976689  -1.168632014600  19.423444758092 

-94.232901644611 -17.946684353946   2.688929173932  25.721334174599   8.790305450894  -0.591661453145   3.737525829580  39.914157482800  45.192963096397   2.135062105162 -15.845657971337 296.271341107858  97.295164901725 -19.611293908361  -0.279949095393 -18.588449865348  16.778774036112   0.423637582505 

TA
  5.802018328945   0.727899597852  -0.096008347289  -1.243271419893  -1.195244618518   0.736522390090  -0.426239720721  -1.983078001462  -3.620381477953   0.036102495567   2.624046187499 -14.679799488812  -5.446004453747   0.993337084383  -0.063929421255   1.396906780826  -0.239124023466  -0.114911378725 
  0.727899597852   1.518615299553   1.027953537902   0.125833741663   0.342677470074   1.497904956647  -1.652840940751   0.080128779490  -0.358199548704   0.991235311306   0.490652203945  -0.530667061087  -0.993337084383   0.010087374238  -0.894423923370   0.419540134348   0.447171004903  -0.009104185187 
 -0.096008347289   1.027953537902   3.777159429923  -0.292785047191  -3.234971077355   0.136989597112  -2.960647398831  -0.554993455598   0.421036484305   2.287133995692  -0.550819194407  -0.253217095662   0.063929421255  -0.894423923370  -2.057751759993   0.200084474236   1.252214927982  -1.720135624596 
 -1.243271419893   0.125833741663  -0.292785047191   3.312794731401   1.515609741184   0.369392265799  -1.461878034371   0.472705927490   1.555572383853   0.415285531081  -0.578882894836   2.701110461791   1.396906780826  -0.419540134348  -0.200084474236  -0.049001841729   0.656942955765  -1.178726808407 
 -1.195244618518   0.342677470074  -3.234971077355   1.515609741184  22.652725547953  -0.183024042656   2.445074115209   0.432744554423   0.069615198727  -1.324561327232  -0.097168203710   3.402262191807   0.239124023466   0.447171004903   1.252214927982  -0.656942955765  -1.462846754561   2.392106854637 
  0.736522390090   1.497904956647   0.136989597112   0.369392265799  -0.183024042656  14.595755571837 -13.793605858306   1.692008498589  -1.183660723823   3.830630575819   2.298191616838   4.802935054227   0.114911378725  -0.009104185187  -1.720135624596   1.178726808407   2.392106854637  -7.300383676758 
 -0.426239720721  -1.652840940751  -2.960647398831  -1.461878034371   2.445074115209 -13.793605858306  21.063721801262   0.000000000000   0.000000000000  -5.964757459803   0.000000000000   0.000000000000  -0.426239720721   1.652840940751   2.960647398831  -1.461878034371  -2.445074115209  13.793605858306 
 -1.983078001462   0.080128779490  -0.554993455598   0.472705927490   0.432744554423   1.692008498589   0.000000000000   5.143669270800   3.212131493506  -0.000000000000   0.282925935619   4.908149766006   1.983078001462   0.080128779490  -0.554993455598  -0.472705927490   0.432744554423   1.692008498589 
 -3.620381477953  -0.358199548704   0.421036484305   1.555572383853   0.069615198727  -1.183660723823   0.000000000000   3.212131493506   7.889931609447   0.000000000000  -4.147665314982   3.573323671890   3.620381477953  -0.358199548704   0.421036484305  -1.555572383853   0.069615198727  -1.183660723823 
  0.036102495567   0.991235311306   2.287133995692   0.415285531081  -1.324561327232   3.830630575819  -5.964757459803  -0.000000000000   0.000000000000   2.985797913378  -0.000000000000  -0.000000000000   0.036102495567  -0.991235311306  -2.287133995692   0.415285531081   1.324561327232  -3.830630575819 
  2.624046187499   0.490652203945  -0.550819194407  -0.578882894836  -0.097168203710   2.298191616838   0.000000000000   0.282925935619  -4.147665314982  -0.000000000000   6.224505068684  -2.539764826994  -2.624046187499   0.490652203945  -0.550819194407   0.578882894836  -0.097168203710   2.298191616838 
-14.679799488812  -0.530667061087  -0.253217095662   2.701110461791   3.402262191807   4.802935054227   0.000000000000   4.908149766006   3.573323671890  -0.000000000000  -2.539764826994  56.724311190979  14.679799488812  -0.530667061087  -0.253217095662  -2.701110461791   3.402262191807   4.802935054227 
 -5.446004453747  -0.993337084383   0.063929421255   1.396906780826   0.239124023466   0.114911378725  -0.426239720721   1.983078001462   3.620381477953   0.036102495567  -2.624046187499  14.679799488812   5.802018328945  -0.727899597852   0.096008347289  -1.243271419893   1.195244618518  -0.736522390090 
  0.993337084383   0.010087374238  -0.894423923370  -0.419540134348   0.447171004903  -0.009104185187   1.652840940751   0.080128779490  -0.358199548704  -0.991235311306   0.490652203945  -0.530667061087  -0.727899597852   1.518615299553   1.027953537902  -0.125833741663   0.342677470074   1.497904956647 
 -0.063929421255  -0.894423923370  -2.057751759993  -0.200084474236   1.252214927982  -1.720135624596   2.960647398831  -0.554993455598   0.421036484305  -2.287133995692  -0.550819194407  -0.253217095662   0.096008347289   1.027953537902   3.777159429923   0.292785047191  -3.234971077355   0.136989597112 
  1.396906780826   0.419540134348   0.200084474236  -0.049001841729  -0.656942955765   1.178726808407  -1.461878034371  -0.472705927490  -1.555572383853   0.415285531081   0.578882894836  -2.701110461791  -1.243271419893  -0.125833741663   0.292785047191   3.312794731401  -1.515609741184  -0.369392265799 
 -0.239124023466   0.447171004903   1.252214927982   0.656942955765  -1.462846754561   2.392106854637  -2.445074115209   0.432744554423   0.069615198727   1.324561327232  -0.097168203710   3.402262191807   1.195244618518   0.342677470074  -3.234971077355  -1.515609741184  22.652725547953  -0.183024042656 
 -0.114911378725  -0.009104185187  -1.720135624596  -1.178726808407   2.392106854637  -7.300383676758  13.793605858306   1.692008498589  -1.183660723823  -3.830630575819   2.298191616838   4.802935054227  -0.736522390090   1.497904956647   0.136989597112  -0.369392265799  -0.183024042656  14.595755571837 

-61.079197232945  -3.557340567185   0.651057317027  13.246155615804  10.767291503817  11.836405037169   0.000000000000  28.452626979270  38.442251491156   0.000000000000 -21.716798803898 199.569724031001  61.079197232945  -3.557340567185   0.651057317027 -13.246155615804  10.767291503817  11.836405037169 

TC
  7.753531601623   0.792646171900  -0.252843557916  -1.773131827929  -0.711223554828   0.405150910206  -1.414443933277  -2.733183409356  -3.886565764313  -0.663406470698   2.692088434378 -20.311736733572  -7.149537468634   2.405244159824   0.012554130575   1.915178197188  -0.237776232067   0.059160263028 
  0.792646171900   1.871294254962   0.787337142674  -0.059365398869  -0.620312785317   1.340366635201  -1.860477753610  -0.213513427515  -0.604758444684   0.715507867443   0.552595562181  -0.688105306126  -1.317232953730  -0.567912730783  -0.499478093787   0.239638690776   0.559673702574  -1.431660425520 
 -0.252843557916   0.787337142674   3.666337900388  -0.068625810860  -0.466634471884   0.322292767776  -2.372099022437  -0.671825094018   0.804755095643   2.739797767933  -0.649112659091  -0.043339070833  -0.091498528074  -0.729868955909  -2.346247924307  -0.241833647123   1.181320588161  -1.186484072294 
 -1.773131827929  -0.059365398869  -0.068625810860   4.170525566686   1.692233081233   1.023855031850  -1.307201727495   0.985810495458   2.668271145036   1.332015369337  -0.771546041215   4.974563980040   2.169954141926  -0.521139256495  -0.423382913524  -1.170161664924   1.299098150311  -1.227976086133 
 -0.711223554828  -0.620312785317  -0.466634471884   1.692233081233  23.639702971755   0.226049624391   2.525823222728   0.446975368305   0.560830098784  -0.912577398257  -0.541401817789   2.323485292352   0.678655870551   0.679228265688   1.310349723049  -0.659146204501  -2.184288731024   1.409920073382 
  0.405150910206   1.340366635201   0.322292767776   1.023855031850   0.226049624391  17.446626467557 -17.832461038460   3.425929518154   0.247372198316   4.285206111224   0.377679000186   6.538373085632  -0.483304639189  -2.666627273795  -1.197049800054  -0.944478395458   1.130009514203 -14.753487124271 
 -1.414443933277  -1.860477753610  -2.372099022437  -1.307201727495   2.525823222728 -17.832461038460  27.191509354632  -1.186313462807  -0.117676354198  -6.932287760044  -0.535188972303   2.101432088867   1.651187470994   2.804349907861   2.824286715941   0.141223291065  -1.519355823230  17.267130754883 
 -2.733183409356  -0.213513427515  -0.671825094018   0.985810495458   0.446975368305   3.425929518154  -1.186313462807   6.541038882503   3.295437645127   0.131059129560  -1.355075959892   8.198221817621   2.785752198786  -1.174527687173   0.342388945562  -1.484129560833   0.218755713570  -1.606528284971 
 -3.886565764313  -0.604758444684   0.804755095643   2.668271145036   0.560830098784   0.247372198316  -0.117676354198   3.295437645127   9.022735011423   1.056127844968  -3.918967023146   6.522366344946   4.251471509964  -0.017043055547  -0.706378102749  -2.295889173999   1.707404207015   0.144070592342 
 -0.663406470698   0.715507867443   2.739797767933   1.332015369337  -0.912577398257   4.285206111224  -6.932287760044   0.131059129560   1.056127844968   5.087055646064  -1.373063510457   1.935088987751   0.289190955663  -1.645771307953  -2.986059033030  -0.420561985255   1.444854643824  -4.887913487180 
  2.692088434378   0.552595562181  -0.649112659091  -0.771546041215  -0.541401817789   0.377679000186  -0.535188972303  -1.355075959892  -3.918967023146  -1.373063510457   5.734923066616  -3.778659313799  -2.432306345196   0.008476947184  -0.099540027895   1.170090778911   0.529052746839   0.229048920995 
-20.311736733572  -0.688105306126  -0.043339070833   4.974563980040   2.323485292352   6.538373085632   2.101432088867   8.198221817621   6.522366344946   1.935088987751  -3.778659313799  74.219091155446  19.341528855933  -7.538032864464   0.108810411278  -5.161347135256   2.337676937347  -6.205595219769 
 -7.149537468634  -1.317232953730  -0.091498528074   2.169954141926   0.678655870551  -0.483304639189   1.651187470994   2.785752198786   4.251471509964   0.289190955663  -2.432306345196  19.341528855933   7.409789555108  -1.992030926441  -0.580633621481  -1.786053707943   3.036419028343   0.830312548378 
  2.405244159824  -0.567912730783  -0.729868955909  -0.521139256495   0.679228265688  -2.666627273795   2.804349907861  -1.174527687173  -0.017043055547  -1.645771307953   0.008476947184  -7.538032864464  -1.992030926441   2.109990892040   1.088759635191  -0.297634975917  -0.990995246698   2.436140358218 
  0.012554130575  -0.499478093787  -2.346247924307  -0.423382913524   1.310349723049  -1.197049800054   2.824286715941   0.342388945562  -0.706378102749  -2.986059033030  -0.099540027895   0.108810411278  -0.580633621481   1.088759635191   7.390771755186  -0.929330284927  -8.333728580271   1.197408552811 
  1.915178197188   0.239638690776  -0.241833647123  -1.170161664924  -0.659146204501  -0.944478395458   0.141223291065  -1.484129560833  -2.295889173999  -0.420561985255   1.170090778911  -5.161347135256  -1.786053707943  -0.297634975917  -0.929330284927   2.966646584796   1.690103362578  -0.234966625958 
 -0.237776232067   0.559673702574   1.181320588161   1.299098150311  -2.184288731024   1.130009514203  -1.519355823230   0.218755713570   1.707404207015   1.444854643824   0.529052746839   2.337676937347   3.036419028343  -0.990995246698  -8.333728580271   1.690103362578  32.405973578604  -3.918181233456 
  0.059160263028  -1.431660425520  -1.186484072294  -1.227976086133   1.409920073382 -14.753487124271  17.267130754883  -1.606528284971   0.144070592342  -4.887913487180   0.229048920995  -6.205595219769   0.830312548378   2.436140358218   1.197408552811  -0.234966625958  -3.918181233456  16.722927137248 

-83.389018891532  -5.665838922177   3.246812498722  25.290774004913  10.402720889957  24.284549054294   6.111125657257  40.028871921224  53.253774643063  12.182344983873 -27.342306385549 276.720966693406  80.575234136011 -26.227564249168  -1.924886332394 -26.212748737964  12.236883005505 -22.840573720152 

TG
  5.957304504065   0.603531914017  -0.471913258850  -1.283340779373  -1.230478159627   0.264132167863  -0.734798162603  -2.226923422441  -3.826000782735  -0.286238529082   2.432609177641 -16.034423752130  -5.743238267764   0.702314192151  -0.369070269990   1.764858797729  -0.045581070967  -0.674912327136 
  0.603531914017   1.676899103779   0.947974134082   0.212595313669   0.016519947678   1.648780680316  -1.767799680807   0.226949222012  -0.408358809085   0.775810260675   0.685471534015   0.178833150836  -1.006417419264   0.098658161376  -0.971932163391   0.288525869737   0.371205716939   0.512497581138 
 -0.471913258850   0.947974134082   3.877550685402  -0.060388873899  -2.539046013131   0.205479858801  -3.191475800175  -0.426733413544   0.693212346113   2.431890927945  -0.522426569364   0.382532556036   0.497341486022  -0.929191198755  -2.058294106849   0.192956252067   1.311623313697  -1.658606496399 
 -1.283340779373   0.212595313669  -0.060388873899   3.740396644204   1.956229421538   1.070253160325  -2.056200101383   0.189359979213   1.369796371662   1.584886951034  -0.865174734935   3.700563275930   1.641487451713  -0.568207353136  -0.211192449748   0.439165198808   0.554151409712  -1.532758541429 
 -1.230478159627   0.016519947678  -2.539046013131   1.956229421538  26.616046456973  -0.787127625751   3.012608086886   0.660624216871   0.077629089721  -1.226061119593   0.476052129841   3.621358175632   0.188035774919   0.491045749232   1.303616515010  -0.314431236857  -1.613681239692   3.333332008401 
  0.264132167863   1.648780680316   0.205479858801   1.070253160325  -0.787127625751  15.723476164579 -14.681385334922   2.653521013975  -1.184464162828   3.717401168746   1.045996417684   7.073582642953   0.304119194290   0.539501925244  -2.029763111537   0.987256135302   3.220525842878  -7.171774518778 
 -0.734798162603  -1.767799680807  -3.191475800175  -2.056200101383   3.012608086886 -14.681385334922  22.326755206461   0.132892352375   0.092580954554  -6.409234131347   0.229394973910   0.750334467318   0.120988984006   1.541450248102   3.583981542527  -1.408621028681  -3.068537775134  14.271967857368 
 -2.226923422441   0.226949222012  -0.426733413544   0.189359979213   0.660624216871   2.653521013975   0.132892352375   5.895661278197   2.819611179776  -0.120207422225   0.025756517054   7.018229437577   2.266714683525   1.007687511741  -0.385430619972  -0.994029666866   0.463240467542   2.162935423772 
 -3.826000782735  -0.408358809085   0.693212346113   1.369796371662   0.077629089721  -1.184464162828   0.092580954554   2.819611179776   7.357993374409   0.561238754618  -3.788557847228   4.408389124458   3.992639528364  -0.251567848663   0.567686510630  -1.329993418892  -0.069643654989  -1.263726480761 
 -0.286238529082   0.775810260675   2.431890927945   1.584886951034  -1.226061119593   3.717401168746  -6.409234131347  -0.120207422225   0.561238754618   3.663213760061  -0.306685353543   0.119785711177   0.463483249546  -1.166475504358  -2.363971709155   0.416531758126   1.704672917635  -3.895074637663 
  2.432609177641   0.685471534015  -0.522426569364  -0.865174734935   0.476052129841   1.045996417684   0.229394973910   0.025756517054  -3.788557847228  -0.306685353543   6.263726460620  -3.057429484532  -2.912299171653   0.430636473863  -0.817857162296   0.319660303272  -0.191803860097   2.730664287454 
-16.034423752130   0.178833150836   0.382532556036   3.700563275930   3.621358175632   7.073582642953   0.750334467318   7.018229437577   4.408389124458   0.119785711177  -3.057429484532  64.993531127900  16.315339883578   0.574024842146   0.477491542367  -3.884188942495   3.072983254638   7.916378270749 
 -5.743238267764  -1.006417419264   0.497341486022   1.641487451713   0.188035774919   0.304119194290   0.120988984006   2.266714683525   3.992639528364   0.463483249546  -2.912299171653  16.315339883578   6.322246258291  -0.474941391881  -0.456823640978  -1.769057717225   2.387789344690   0.009287177663 
  0.702314192151   0.098658161376  -0.929191198755  -0.568207353136   0.491045749232   0.539501925244   1.541450248102   1.007687511741  -0.251567848663  -1.166475504358   0.430636473863   0.574024842146  -0.474941391881   1.465596070617   1.519283756469  -0.137814053333  -1.590405053316   1.826960400816 
 -0.369070269990  -0.971932163391  -2.058294106849  -0.211192449748   1.303616515010  -2.029763111537   3.583981542527  -0.385430619972   0.567686510630  -2.363971709155  -0.817857162296   0.477491542367  -0.456823640978   1.519283756469   6.572658267518  -0.404158473316  -7.109960108970   2.929732405978 
  1.764858797729   0.288525869737   0.192956252067   0.439165198808  -0.314431236857   0.987256135302  -1.408621028681  -0.994029666866  -1.329993418892   0.416531758126   0.319660303272  -3.884188942495  -1.769057717225  -0.137814053333  -0.404158473316   2.270685934621   1.135562352705  -1.020548518996 
 -0.045581070967   0.371205716939   1.311623313697   0.554151409712  -1.613681239692   3.220525842878  -3.068537775134   0.463240467542  -0.069643654989   1.704672917635  -0.191803860097   3.072983254638   2.387789344690  -1.590405053316  -7.109960108970   1.135562352705  30.328119347067  -4.575275363507 
 -0.674912327136   0.512497581138  -1.658606496399  -1.532758541429   3.333332008401  -7.171774518778  14.271967857368   2.162935423772  -1.263726480761  -3.895074637663   2.730664287454   7.916378270749   0.009287177663   1.826960400816   2.929732405978  -1.020548518996  -4.575275363507  16.163345623866 

-66.544774388623  -1.228501188323   4.275551286975  16.378045652637  11.485343704483  20.240279984303   2.139812685600  34.763445676785  39.640433860024   3.188186095100 -22.783456513015 230.962206158057  68.392444974553   0.139768607367   3.312098870861 -15.267421343711  10.690856338396  21.047107783728 

TT
  8.211161899873   1.128472176465  -0.419957210407  -1.650307628420  -0.525703956932   1.646286224732  -3.741198815503  -1.925620101577  -3.952256177368  -1.300753140723   2.676829767978 -20.450481648436  -7.803665878553   2.517371881680   0.302235290142   1.698527022363  -0.659002888621  -1.095489828421 
  1.128472176465   2.102960474289   0.518824991469   0.510645309866  -0.708487750991   1.659496168161  -2.406339363882  -0.641842447827   0.000711901659   0.414588076175   1.047759405340  -1.215923979224  -1.274609117348  -0.466094128386  -0.540697387850   0.169843963711   0.990712955233  -1.175525083933 
 -0.419957210407   0.518824991469   4.479825788935  -0.606347585164  -2.388210141591   0.268009523756  -2.120523973947  -1.003932618783  -0.350515576158   3.244959437472  -1.580331935535   0.116709529272   0.136098550357  -0.910683124839  -2.603433003881   0.222662587204   0.643916342777  -1.615829714863 
 -1.650307628420   0.510645309866  -0.606347585164   5.112148565333   2.003704616225   1.138974842750  -1.925740652328   0.732812302740   3.056327566824   0.685850313750  -0.435122928070   5.237268110365   1.963000319480  -0.765260265279  -0.098822136948  -0.478787303395   1.002563914965  -1.449477035536 
 -0.525703956932  -0.708487750991  -2.388210141591   2.003704616225  28.762047045012  -0.269975670164   2.358179725494   0.915707724646   0.418072571005  -1.261509789013  -0.791424253222   1.956393311521   0.574779204628   0.492720849470   1.286424077475  -0.254097733771  -1.924764020803   1.803122395708 
  1.646286224732   1.659496168161   0.268009523756   1.138974842750  -0.269975670164  17.823451467676 -19.007276532997   2.590711316785   0.031474820972   4.279338634007  -0.144865455210   4.321591113300  -1.695965081876  -0.731527241556  -1.403578169973  -0.742057651174   1.145470757372 -15.481387624899 
 -3.741198815503  -2.406339363882  -2.120523973947  -1.925740652328   2.358179725494 -19.007276532997  30.904623333951  -0.829217646482  -1.156285942058  -5.757216303176   0.435309669664   7.062619889637   4.428461685119   0.743879302406   2.446263503001   0.505917423766  -1.473918493044  19.613962818457 
 -1.925620101577  -0.641842447827  -1.003932618783   0.732812302740   0.915707724646   2.590711316785  -0.829217646482   6.647078471420   3.310043062162  -0.015691572814  -1.832821539086   5.747637872267   2.444791551057   0.529794826844   0.045234866460  -1.509691783965   0.617930917619  -0.638587429865 
 -3.952256177368   0.000711901659  -0.350515576158   3.056327566824   0.418072571005   0.031474820972  -1.156285942058   3.310043062162  10.456406569786  -0.827687325188  -4.121396569085   6.446419151102   3.995965965873   0.191408168774   1.249319152287  -2.747110514697   1.807648593860  -0.758769953052 
 -1.300753140723   0.414588076175   3.244959437472   0.685850313750  -1.261509789013   4.279338634007  -5.757216303176  -0.015691572814  -0.827687325188   6.557090793352  -2.101616776472   3.119866439299   0.788651634437  -2.034700185508  -3.643787010572   0.250203466318   0.776706933745  -4.637952895646 
  2.676829767978   1.047759405340  -1.580331935535  -0.435122928070  -0.791424253222  -0.144865455210   0.435309669664  -1.832821539086  -4.121396569085  -2.101616776472   7.454378157094  -3.235960368361  -2.069178656630  -0.108030872032  -0.378576545297   1.236389378620   1.290701994819   1.832361141633 
-20.450481648436  -1.215923979224   0.116709529272   5.237268110365   1.956393311521   4.321591113300   7.062619889637   5.747637872267   6.446419151102   3.119866439299  -3.235960368361  73.053998646616  20.944185871937  -6.243291602793  -0.839583736699  -4.655038494226   3.958353523848  -2.435230901897 
 -7.803665878553  -1.274609117348   0.136098550357   1.963000319480   0.574779204628  -1.695965081876   4.428461685119   2.444791551057   3.995965965873   0.788651634437  -2.069178656630  20.944185871937   8.258586071826  -1.985363917024  -0.297706912009  -1.817032138199   1.394952058203   2.236021977623 
  2.517371881680  -0.466094128386  -0.910683124839  -0.765260265279   0.492720849470  -0.731527241556   0.743879302406   0.529794826844   0.191408168774  -2.034700185508  -0.108030872032  -6.243291602793  -1.985363917024   2.389728791201   1.348399897976  -0.326711822799  -0.786165665373   1.155782809676 
  0.302235290142  -0.540697387850  -2.603433003881  -0.098822136948   1.286424077475  -1.403578169973   2.446263503001   0.045234866460   1.249319152287  -3.643787010572  -0.378576545297  -0.839583736699  -0.297706912009   1.348399897976   4.018105514196  -0.491196072729  -3.584405995281   1.385162281494 
  1.698527022363   0.169843963711   0.222662587204  -0.478787303395  -0.254097733771  -0.742057651174   0.505917423766  -1.509691783965  -2.747110514697   0.250203466318   1.236389378620  -4.655038494226  -1.817032138199  -0.326711822799  -0.491196072729   3.816172234885   1.709699624823   0.270188355983 
 -0.659002888621   0.990712955233   0.643916342777   1.002563914965  -1.924764020803   1.145470757372  -1.473918493044   0.617930917619   1.807648593860   0.776706933745   1.290701994819   3.958353523848   1.394952058203  -0.786165665373  -3.584405995281   1.709699624823  28.836877315832  -5.300318319345 
 -1.095489828421  -1.175525083933  -1.615829714863  -1.449477035536   1.803122395708 -15.481387624899  19.613962818457  -0.638587429865  -0.758769953052  -4.637952895646   1.832361141633  -2.435230901897   2.236021977623   1.155782809676   1.385162281494   0.270188355983  -5.300318319345  18.142809976558 

-86.194293591414  -7.251161314476   1.049118795565  26.069187472023   7.736387444982  12.685513988070  24.217414228774  30.534322568795  55.836481275891  11.265932917845 -28.972967659444 273.413660365919  86.526596188304 -22.688253013172   0.504855035627 -23.793262488583  16.214990180824 -11.755111752969 

A
  0.249566288299   0.082367285594  -0.094979511591  -0.061204052738  -0.379292246109   0.044287445188 
  0.082367285594   0.205053036127  -0.222602351251  -0.128045675443  -0.234086788326  -0.259450153983 
 -0.094979511591  -0.222602351251   2.149240255725   1.026711181014   1.514055544049   0.716448204441 
 -0.061204052738  -0.128045675443   1.026711181014   9.025370439684  -3.565366184285  -0.192128536553 
 -0.379292246109  -0.234086788326   1.514055544049  -3.565366184285  27.465030258529   0.870914233127 
  0.044287445188  -0.259450153983   0.716448204441  -0.192128536553   0.870914233127   1.224607701367 

  0.055314390344   0.038521653582   0.977835603471   2.062174762715   1.737605782954   0.754828362717 

C
  0.816925203159   0.638926511550  -0.027437697667  -0.021013942902   0.281746930335   1.268001762127 
  0.638926511550   0.842112871641  -0.164165831104   0.023062021888   0.537637418590   0.816081277048 
 -0.027437697667  -0.164165831104   8.745070552142  -4.494154722664 -10.644703476973  -0.239342616497 
 -0.021013942902   0.023062021888  -4.494154722664   8.760740301699  12.766196422548   0.100755724601 
  0.281746930335   0.537637418590 -10.644703476973  12.766196422548  62.370922455080   2.564617650681 
  1.268001762127   0.816081277048  -0.239342616497   0.100755724601   2.564617650681   3.531119472404 

 -0.118634732655  -0.176733640476  -0.566396626926   2.296059352132   1.701628994710   0.345476218574 

G
  0.816925203159  -0.638926511550   0.027437697667  -0.021013942902  -0.281746930335  -1.268001762127 
 -0.638926511550   0.842112871641  -0.164165831104  -0.023062021888   0.537637418590   0.816081277048 
  0.027437697667  -0.164165831104   8.745070552142   4.494154722664 -10.644703476973  -0.239342616497 
 -0.021013942902  -0.023062021888   4.494154722664   8.760740301699 -12.766196422548  -0.100755724601 
 -0.281746930335   0.537637418590 -10.644703476973 -12.766196422548  62.370922455080   2.564617650681 
 -1.268001762127   0.816081277048  -0.239342616497  -0.100755724601   2.564617650681   3.531119472404 

  0.118634732655  -0.176733640476  -0.566396626926  -2.296059352132   1.701628994710   0.345476218574 

T
  0.249566288299  -0.082367285594   0.094979511591  -0.061204052738   0.379292246109  -0.044287445188 
 -0.082367285594   0.205053036127  -0.222602351251   0.128045675443  -0.234086788326  -0.259450153983 
  0.094979511591  -0.222602351251   2.149240255725  -1.026711181014   1.514055544049   0.716448204441 
 -0.061204052738   0.128045675443  -1.026711181014   9.025370439684   3.565366184285   0.192128536553 
  0.379292246109  -0.234086788326   1.514055544049   3.565366184285  27.465030258529   0.870914233127 
 -0.044287445188  -0.259450153983   0.716448204441   0.192128536553   0.870914233127   1.224607701367 

 -0.055314390344   0.038521653582   0.977835603471  -2.062174762715   1.737605782954   0.754828362717 

