AA
  9.426111754573   1.791600555151   0.362000271905  -2.811989821296   0.276622199912  -2.164641839752   5.066398737996  -3.997635998749  -6.571558832176   0.430293483470   3.033339727356 -23.381347706152  -8.755435764929   1.458597743534   0.070615568126   2.279153491256  -1.140318099072   1.219266904600 
  1.791600555151   3.044764860073   2.174594102372   0.121849217024  -1.501192457312   1.355212901405  -1.736214835963   1.076268434144  -0.012811579568   3.144624138217  -0.336338263217  -5.492888397274  -2.464467021946  -0.854099323183  -1.679252812307   1.134384785007   0.998468563896  -0.908503506294 
  0.362000271905   2.174594102372   6.043118761928   0.359416899945  -4.995703082686   1.471857488552  -3.936537082831   0.607059947044   2.039517713164   5.961904702286  -1.613028194118  -0.497715880501  -0.185371219076  -1.180032700633  -3.666815470871   0.620755959780   1.525804276626  -2.424922422574 
 -2.811989821296   0.121849217024   0.359416899945   6.719694496848  -2.394033154146  -1.215530443722  -0.130490162846   2.375962603793   5.762731758653   0.430809037014  -2.330709184533   6.157743346238   2.493134853308  -0.257339673572  -0.404022165803  -1.044508458900   1.035322218339   0.324203328388 
  0.276622199912  -1.501192457312  -4.995703082686  -2.394033154146  35.605340279454  -5.447265046729   1.984268391517   0.823775876780   2.729676725996  -0.705785210828   1.077203204437   4.264363889003   1.062659128691   1.186186510043   0.559683670081  -1.499698001716  -2.066776960323   1.197620167190 
 -2.164641839752   1.355212901405   1.471857488552  -1.215530443722  -5.447265046729  20.213293061441 -21.645138190561   0.510021010392  -0.999324242997   5.912279744546   3.259399562298  -2.125637654890   1.109443368494  -1.342196870074  -2.247014269168   1.941239037715   2.639373470436 -15.694641201856 
  5.066398737996  -1.736214835963  -3.936537082831  -0.130490162846   1.984268391517 -21.645138190561  35.555013752981  -0.831232907580   0.299180526055  -8.675785643072   0.284197378482  -7.934330019968  -4.079662552341   3.312532091503   3.154883711259  -2.944650588428  -4.069450064343  20.934490136365 
 -3.997635998749   1.076268434144   0.607059947044   2.375962603793   0.823775876780   0.510021010392  -0.831232907580   9.200837160788   6.535171979593   0.913612765976  -3.027414676644   8.553850269981   3.218273979640  -1.010263597479  -1.497887489070  -0.995400212665   1.571661488200   2.280838479578 
 -6.571558832176  -0.012811579568   2.039517713164   5.762731758653   2.729676725996  -0.999324242997   0.299180526055   6.535171979593  19.981289021773   1.537676225260  -7.990171983475  10.824716498302   6.443308508530  -0.344528420141  -0.931398056917  -5.353996658434   2.015714559516  -0.607932568529 
  0.430293483470   3.144624138217   5.961904702286   0.430809037014  -0.705785210828   5.912279744546  -8.675785643072   0.913612765976   1.537676225260  10.681064759528   1.282862372488  -2.390197945307  -0.911468972417  -1.256114459932  -4.961580586574   1.458465135368   1.396378770789  -6.071168400341 
  3.033339727356  -0.336338263217  -1.613028194118  -2.330709184533   1.077203204437   3.259399562298   0.284197378482  -3.027414676644  -7.990171983475   1.282862372488  11.304019809660  -5.840955194547  -3.986406311665   1.759735184440  -1.491571565959   0.655914634847  -1.184810967298   0.802080474368 
-23.381347706152  -5.492888397274  -0.497715880501   6.157743346238   4.264363889003  -2.125637654890  -7.934330019968   8.553850269981  10.824716498302  -2.390197945307  -5.840955194547  78.231403856178  22.137059464480  -1.304856688572  -0.145231495694  -5.658697342166   2.869704081047   5.943438036962 
 -8.755435764929  -2.464467021946  -0.185371219076   2.493134853308   1.062659128691   1.109443368494  -4.079662552341   3.218273979640   6.443308508530  -0.911468972417  -3.986406311665  22.137059464480   9.245807230655  -0.945002467841   0.509030856317  -2.130035637268   0.073285525372  -1.709981920351 
  1.458597743534  -0.854099323183  -1.180032700633  -0.257339673572   1.186186510043  -1.342196870074   3.312532091503  -1.010263597479  -0.344528420141  -1.256114459932   1.759735184440  -1.304856688572  -0.945002467841   2.796443796179   0.616294251700  -1.184267847464  -0.727370302972   1.676144117839 
  0.070615568126  -1.679252812307  -3.666815470871  -0.404022165803   0.559683670081  -2.247014269168   3.154883711259  -1.497887489070  -0.931398056917  -4.961580586574  -1.491571565959  -0.145231495694   0.509030856317   0.616294251700   6.049152181066   0.271985966471  -3.646424226186   0.732966922827 
  2.279153491256   1.134384785007   0.620755959780  -1.044508458900  -1.499698001716   1.941239037715  -2.944650588428  -0.995400212665  -5.353996658434   1.458465135368   0.655914634847  -5.658697342166  -2.130035637268  -1.184267847464   0.271985966471   7.823902095130  -2.588939919129  -2.812630510438 
 -1.140318099072   0.998468563896   1.525804276626   1.035322218339  -2.066776960323   2.639373470436  -4.069450064343   1.571661488200   2.015714559516   1.396378770789  -1.184810967298   2.869704081047   0.073285525372  -0.727370302972  -3.646424226186  -2.588939919129  37.187528758358  -0.498463055152 
  1.219266904600  -0.908503506294  -2.424922422574   0.324203328388   1.197620167190 -15.694641201856  20.934490136365   2.280838479578  -0.607932568529  -6.071168400341   0.802080474368   5.943438036962  -1.709981920351   1.676144117839   0.732966922827  -2.812630510438  -0.498463055152  19.751654646032 

-103.117416588963 -21.709661910777   4.111056785180  40.009827939702  18.985549829961 -12.498980144149 -30.365177379778  50.315633392434 102.454274504173  -7.060651835279 -52.573621712275 305.581517936876 100.052336621316  -9.984509091459  -1.131739007214 -34.069132607149  13.747250937224  15.981538513262 

AC
 10.301580448763   1.894869840569   0.475788446752  -2.140681079199  -0.212549342439  -2.069851545241   2.743290341107  -3.481753110980  -5.683209925803   0.168733928528   3.221809793867 -25.569527871510  -8.885218920194   2.437985641308  -0.260144774525   2.441092765328  -0.408341396899   2.773652747101 
  1.894869840569   2.698251416607   1.660939162568   0.024705381097  -0.654279188262   1.332292395419  -1.513980462837   0.617308692466   0.086886473813   2.311055427924  -0.042598691010  -4.848128793438  -2.833308575412  -0.919445518043  -1.300499107561   0.253509446913   0.881212391708  -1.620928307262 
  0.475788446752   1.660939162568   5.587219675906   0.157882273148  -2.829980087661   1.302492556761  -3.767247541910   0.255125543423   1.529506156574   5.371502287431  -0.375706219067  -0.426725765613  -0.681568733491  -0.993742651147  -4.001734964734  -0.309040356211   1.901362582275  -1.903810159664 
 -2.140681079199   0.024705381097   0.157882273148   6.329805057430  -2.551943789122  -1.173565287316   0.100935084393   2.299888257316   5.147962589594  -0.369771069538  -1.046740755553   4.511702037172   2.020290173784  -0.221213402701  -0.491016628585  -1.278831906511   1.663596900372   0.564992540623 
 -0.212549342439  -0.654279188262  -2.829980087661  -2.551943789122  34.480891405321  -2.111766617645   4.036566779926   0.644016138238   3.243009876322  -1.056752028427  -1.582184705754   4.508701375550   1.124577411910   0.826562528656   1.575955133801  -1.598339625773  -3.164339292613   0.486479863522 
 -2.069851545241   1.332292395419   1.302492556761  -1.173565287316  -2.111766617645  20.711985538619 -23.995020190038   1.506271638317  -0.156867083595   5.122655193038   1.948199529732   0.429724068338  -1.352396014435  -2.662185585352  -2.075645265097   0.610495394455   1.110608610538 -17.517334291670 
  2.743290341107  -1.513980462837  -3.767247541910   0.100935084393   4.036566779926 -23.995020190038  38.902060822712  -0.049776075586   1.222492629989  -8.204544206942  -0.925931010241  -2.608076919997   0.261544027067   3.382773794322   3.584781386262  -1.374842831596  -4.608129793436  23.324326821202 
 -3.481753110980   0.617308692466   0.255125543423   2.299888257316   0.644016138238   1.506271638317  -0.049776075586   8.459101021777   5.854609794739   0.659640908777  -0.882041648033   9.230668701712   2.725419700923  -1.427483070925  -1.085552192007  -1.950709550104   1.422399194446  -0.255294228047 
 -5.683209925803   0.086886473813   1.529506156574   5.147962589594   3.243009876322  -0.156867083595   1.222492629989   5.854609794739  19.247739162607   1.309658649677  -6.108093720496   8.027995285685   5.197076290482  -0.110925932945  -0.716728780022  -5.448733312029   2.784333494733   0.219620541683 
  0.168733928528   2.311055427924   5.371502287431  -0.369771069538  -1.056752028427   5.122655193038  -8.204544206942   0.659640908777   1.309658649677   8.207759478554   0.428401288620  -0.754485305864  -1.485170590767  -1.709216535751  -4.907767821348  -0.238121711795   1.402475421536  -5.652697536093 
  3.221809793867  -0.042598691010  -0.375706219067  -1.046740755553  -1.582184705754   1.948199529732  -0.925931010241  -0.882041648033  -6.108093720496   0.428401288620  10.699883828258  -2.890724602378  -3.198206178313   0.334272899222  -1.158432366991   1.125902165037  -1.666974018703   0.396692021933 
-25.569527871510  -4.848128793438  -0.426725765613   4.511702037172   4.508701375550   0.429724068338  -2.608076919997   9.230668701712   8.027995285685  -0.754485305864  -2.890724602378  82.929244395993  23.636510074319  -5.224001516932   0.599775996305  -5.761374383063   2.121386601241  -3.764228847531 
 -8.885218920194  -2.833308575412  -0.681568733491   2.020290173784   1.124577411910  -1.352396014435   0.261544027067   2.725419700923   5.197076290482  -1.485170590767  -3.198206178313  23.636510074319   9.783419912068  -0.977246512234   0.545307022235  -1.652894551517   0.580845782175   1.574230852863 
  2.437985641308  -0.919445518043  -0.993742651147  -0.221213402701   0.826562528656  -2.662185585352   3.382773794322  -1.427483070925  -0.110925932945  -1.709216535751   0.334272899222  -5.224001516932  -0.977246512234   2.219351083048   0.717041471108   0.397496554940  -1.993991376397   2.621462886176 
 -0.260144774525  -1.300499107561  -4.001734964734  -0.491016628585   1.575955133801  -2.075645265097   3.584781386262  -1.085552192007  -0.716728780022  -4.907767821348  -1.158432366991   0.599775996305   0.545307022235   0.717041471108  13.171618281962  -1.005491560883 -13.080958724311   0.192247462255 
  2.441092765328   0.253509446913  -0.309040356211  -1.278831906511  -1.598339625773   0.610495394455  -1.374842831596  -1.950709550104  -5.448733312029  -0.238121711795   1.125902165037  -5.761374383063  -1.652894551517   0.397496554940  -1.005491560883   6.052175653771   4.504748285581   1.712885385726 
 -0.408341396899   0.881212391708   1.901362582275   1.663596900372  -3.164339292613   1.110608610538  -4.608129793436   1.422399194446   2.784333494733   1.402475421536  -1.666974018703   2.121386601241   0.580845782175  -1.993991376397 -13.080958724311   4.504748285581  54.557705999984   2.046836819490 
  2.773652747101  -1.620928307262  -1.903810159664   0.564992540623   0.486479863522 -17.517334291670  23.324326821202  -0.255294228047   0.219620541683  -5.652697536093   0.396692021933  -3.764228847531   1.574230852863   2.621462886176   0.192247462255   1.712885385726   2.046836819490  22.208706212537 

-108.171832120451 -18.421332724166   3.200176209901  31.356547040274  22.688205291779   2.271898911280  -9.869754325266  49.146834628016  87.248349793334   1.773771614455 -34.545477112148 313.597564511974 101.586404612021 -18.457174832934   3.568673955551 -38.915556869068  18.848373775098 -11.854957402945 

AG
  9.059091869188   1.705057469813   0.160893485663  -2.524799511217   0.295008707169  -2.081343365629   4.954861019519  -3.268349535871  -6.049792099263   1.032030458269   3.544494393276 -22.688734514071  -8.562666180182   0.977240792193  -1.140412042459   2.387660822949  -0.459742385808   1.190500608330 
  1.705057469813   3.024826032883   2.087538650818   0.073645407621  -1.368121583188   1.407045574605  -1.677422040881   1.579531871318   0.237573000062   2.399532466737  -0.394153724003  -4.866768904047  -2.580030661503  -0.479358131337  -2.028838682192   0.248241058338   0.824550405131  -0.079328589831 
  0.160893485663   2.087538650818   5.619361771398   0.205786404365  -6.410429051795   1.718069440618  -4.102297266876   0.924886477363   1.785797136033   5.721615276311  -1.009835633909  -0.126237360901  -0.250346536587  -0.993879185088  -4.118387977622   0.518285399185   2.343668022173  -1.168789429066 
 -2.524799511217   0.073645407621   0.205786404365   6.248767946084  -2.557854993171  -1.583207975402   0.226499293336   1.401381669947   5.124563056024  -0.567720679607  -1.764773537341   4.752382972512   2.307485042174   0.154571442264  -0.278988940993  -2.193921855918   1.301498588773  -0.002535920078 
  0.295008707169  -1.368121583188  -6.410429051795  -2.557854993171  35.257988280000  -3.290353869985   4.230812833908   0.405899787942   2.642312899786  -1.695519071458  -0.516056323791   4.170413590578   1.017909508556   0.925986703969   1.749025079047  -1.927794831573  -2.308340595699   1.822493056036 
 -2.081343365629   1.407045574605   1.718069440618  -1.583207975402  -3.290353869985  19.597972651638 -22.364027880766   0.492372537991  -1.136641826756   5.558476085793   1.956202015767  -0.307320100412   0.599807235931  -0.609396261259  -2.568467352916   1.627370166665   2.767005567866 -14.246230984347 
  4.954861019519  -1.677422040881  -4.102297266876   0.226499293336   4.230812833908 -22.364027880766  35.974667369628   0.085650174096   1.181855571709  -8.120454445813   0.675905766475  -7.538103255385  -3.325618596829   2.648989197112   3.859168057432  -3.060928949649  -4.457952816198  19.521318484676 
 -3.268349535871   1.579531871318   0.924886477363   1.401381669947   0.405899787942   0.492372537991   0.085650174096   8.768570858967   5.574551614819   0.804241332001  -2.802138473777   7.236422395763   2.479631248452  -0.271302555463  -1.070167882459  -1.350924384634   1.875238797143   3.125666231719 
 -6.049792099263   0.237573000062   1.785797136033   5.124563056024   2.642312899786  -1.136641826756   1.181855571709   5.574551614819  17.599536441514   1.575543338218  -6.279349680343   9.141416527532   5.948626816574   0.101894123761  -0.432702902812  -4.877748472782   1.820820871987  -0.363562472319 
  1.032030458269   2.399532466737   5.721615276311  -0.567720679607  -1.695519071458   5.558476085793  -8.120454445813   0.804241332001   1.575543338218   8.921541094101   1.080343208023  -3.673017387856  -1.567294030860  -0.826389239392  -5.030707160139   0.437252320499   1.868052716576  -4.463122214365 
  3.544494393276  -0.394153724003  -1.009835633909  -1.764773537341  -0.516056323791   1.956202015767   0.675905766475  -2.802138473777  -6.279349680343   1.080343208023   9.351971619519  -5.667411561499  -4.331923934782   1.551086465925  -1.303101106777   0.106120498341  -2.471543935066   0.563312637741 
-22.688734514071  -4.866768904047  -0.126237360901   4.752382972512   4.170413590578  -0.307320100412  -7.538103255385   7.236422395763   9.141416527532  -3.673017387856  -5.667411561499  74.441049588599  21.562326943885  -0.434001128954   2.008603925468  -5.345093696518   2.450014983430   6.048342433635 
 -8.562666180182  -2.580030661503  -0.250346536587   2.307485042174   1.017909508556   0.599807235931  -3.325618596829   2.479631248452   5.948626816574  -1.567294030860  -4.331923934782  21.562326943885   9.266182816354  -0.962268736574   1.082045845814  -1.978504961041   1.257614618004  -1.176715273139 
  0.977240792193  -0.479358131337  -0.993879185088   0.154571442264   0.925986703969  -0.609396261259   2.648989197112  -0.271302555463   0.101894123761  -0.826389239392   1.551086465925  -0.434001128954  -0.962268736574   2.482828530283   2.027021597854  -0.275033257455  -4.286771853685   1.589895398106 
 -1.140412042459  -2.028838682192  -4.118387977622  -0.278988940993   1.749025079047  -2.568467352916   3.859168057432  -1.070167882459  -0.432702902812  -5.030707160139  -1.303101106777   2.008603925468   1.082045845814   2.027021597854   9.924779677306   0.836839630949  -8.114587824604   3.822982994708 
  2.387660822949   0.248241058338   0.518285399185  -2.193921855918  -1.927794831573   1.627370166665  -3.060928949649  -1.350924384634  -4.877748472782   0.437252320499   0.106120498341  -5.345093696518  -1.978504961041  -0.275033257455   0.836839630949   5.616926456930  -1.486721448963  -1.533352742001 
 -0.459742385808   0.824550405131   2.343668022173   1.301498588773  -2.308340595699   2.767005567866  -4.457952816198   1.875238797143   1.820820871987   1.868052716576  -2.471543935066   2.450014983430   1.257614618004  -4.286771853685  -8.114587824604  -1.486721448963  38.051594708249  -5.625523499442 
  1.190500608330  -0.079328589831  -1.168789429066  -0.002535920078   1.822493056036 -14.246230984347  19.521318484676   3.125666231719  -0.363562472319  -4.463122214365   0.563312637741   6.048342433635  -1.176715273139   1.589895398106   3.822982994708  -1.533352742001  -5.625523499442  18.557724950713 

-99.121544933278 -18.315902255401   4.778555885625  32.155720604121  18.512207713789  -4.152234511708 -27.385850764519  43.348504330862  86.802273066739  -9.576923752339 -45.252752989395 288.088506373381  97.065033341622  -6.017476857276   6.381511603742 -29.867904697332  18.956548985817  17.215658802145 

AT
 10.520441698054   1.743074665833  -0.442906373297  -2.029674425278   1.376922578439  -1.867595105357   1.906406655324  -2.577943647505  -5.111935162748  -1.045102291202   3.120891927631 -25.888369854727  -9.510311731597   2.663369823227   0.256404248497   2.079970857074  -0.637663661370   2.155410287924 
  1.743074665833   2.821627904873   1.315460128907   0.255339564047  -0.869718016334   1.271118142856  -1.796568377246  -0.095295500476   0.597756903637   1.771440988296   0.405839993904  -5.229860101404  -2.663369823227  -0.986105003066  -1.360363750174  -0.233728188264   1.054881153426  -1.615013004324 
 -0.442906373297   1.315460128907   5.680742427198   0.065191395942  -4.622795420768   1.724953410096  -3.402269510140  -0.226981288403   0.811685830610   5.659312340021  -0.960483911114   0.334124254775  -0.256404248497  -1.360363750174  -4.478559402500  -0.228696454642   1.705958826617  -2.310792955626 
 -2.029674425278   0.255339564047   0.065191395942   6.718305397769  -2.508655063059  -1.269631389542  -0.286808007786   2.422085873629   6.115554265190  -0.380765361842  -0.903474649388   4.698783432529   2.079970857074   0.233728188264   0.228696454642  -2.410857683141   1.393933258360   0.294032329693 
  1.376922578439  -0.869718016334  -4.622795420768  -2.508655063059  32.701856558135  -1.652906345325   3.687390109647   0.783545527359   2.425989679379  -0.766453167557  -1.424849671033   3.453540049561   0.637663661370   1.054881153426   1.705958826617  -1.393933258360  -2.913002117472   0.473937219913 
 -1.867595105357   1.271118142856   1.724953410096  -1.269631389542  -1.652906345325  22.000473439511 -25.442680442778   0.580930135145  -0.513763180346   5.682857809913   2.012081770274  -0.884000025429  -2.155410287924  -1.615013004324  -2.310792955626  -0.294032329693   0.473937219913 -18.369079724688 
  1.906406655324  -1.796568377246  -3.402269510140  -0.286808007786   3.687390109647 -25.442680442778  40.896631924609  -0.000000000000   0.000000000000  -7.123749539681  -0.000000000000   0.000000000000   1.906406655324   1.796568377246   3.402269510140  -0.286808007786  -3.687390109647  25.442680442778 
 -2.577943647505  -0.095295500476  -0.226981288403   2.422085873629   0.783545527359   0.580930135145  -0.000000000000   9.299866960712   6.713121085896   0.000000000000  -2.085849712259   6.561183242572   2.577943647505  -0.095295500476  -0.226981288403  -2.422085873629   0.783545527359   0.580930135145 
 -5.111935162748   0.597756903637   0.811685830610   6.115554265190   2.425989679379  -0.513763180346   0.000000000000   6.713121085896  21.740398274687   0.000000000000  -6.555738687965   8.014988778301   5.111935162748   0.597756903637   0.811685830610  -6.115554265190   2.425989679379  -0.513763180346 
 -1.045102291202   1.771440988296   5.659312340021  -0.380765361842  -0.766453167557   5.682857809913  -7.123749539681   0.000000000000   0.000000000000   9.189121104835  -0.000000000000  -0.000000000000  -1.045102291202  -1.771440988296  -5.659312340021  -0.380765361842   0.766453167557  -5.682857809913 
  3.120891927631   0.405839993904  -0.960483911114  -0.903474649388  -1.424849671033   2.012081770274  -0.000000000000  -2.085849712259  -6.555738687965  -0.000000000000  12.778461704304  -2.652470891891  -3.120891927631   0.405839993904  -0.960483911114   0.903474649388  -1.424849671033   2.012081770274 
-25.888369854727  -5.229860101404   0.334124254775   4.698783432529   3.453540049561  -0.884000025429   0.000000000000   6.561183242572   8.014988778301  -0.000000000000  -2.652470891891  84.384031435165  25.888369854727  -5.229860101404   0.334124254775  -4.698783432529   3.453540049561  -0.884000025429 
 -9.510311731597  -2.663369823227  -0.256404248497   2.079970857074   0.637663661370  -2.155410287924   1.906406655324   2.577943647505   5.111935162748  -1.045102291202  -3.120891927631  25.888369854727  10.520441698054  -1.743074665833   0.442906373297  -2.029674425278  -1.376922578439   1.867595105357 
  2.663369823227  -0.986105003066  -1.360363750174   0.233728188264   1.054881153426  -1.615013004324   1.796568377246  -0.095295500476   0.597756903637  -1.771440988296   0.405839993904  -5.229860101404  -1.743074665833   2.821627904873   1.315460128907  -0.255339564047  -0.869718016334   1.271118142856 
  0.256404248497  -1.360363750174  -4.478559402500   0.228696454642   1.705958826617  -2.310792955626   3.402269510140  -0.226981288403   0.811685830610  -5.659312340021  -0.960483911114   0.334124254775   0.442906373297   1.315460128907   5.680742427198  -0.065191395942  -4.622795420768   1.724953410096 
  2.079970857074  -0.233728188264  -0.228696454642  -2.410857683141  -1.393933258360  -0.294032329693  -0.286808007786  -2.422085873629  -6.115554265190  -0.380765361842   0.903474649388  -4.698783432529  -2.029674425278  -0.255339564047  -0.065191395942   6.718305397769   2.508655063059   1.269631389542 
 -0.637663661370   1.054881153426   1.705958826617   1.393933258360  -2.913002117472   0.473937219913  -3.687390109647   0.783545527359   2.425989679379   0.766453167557  -1.424849671033   3.453540049561  -1.376922578439  -0.869718016334  -4.622795420768   2.508655063059  32.701856558135  -1.652906345325 
  2.155410287924  -1.615013004324  -2.310792955626   0.294032329693   0.473937219913 -18.369079724688  25.442680442778   0.580930135145  -0.513763180346  -5.682857809913   2.012081770274  -0.884000025429   1.867595105357   1.271118142856   1.724953410096   1.269631389542  -1.652906345325  22.000473439511 

-109.628586290710 -19.496434260531   4.012232547209  33.136533715203  17.658708978408  -5.458986719514   0.000000000000  42.259606950814  92.184267634192   0.000000000000 -39.106079531441 320.593073058692 109.628586290710 -19.496434260531   4.012232547209 -33.136533715203  17.658708978408  -5.458986719514 

CA
  7.060207020130   0.277972938031  -0.470908415595  -2.095888995288  -1.881574121580   0.282117308036   0.198382123150  -3.085385798298  -6.036158386141   0.361877382994   4.189485086242 -17.156990292187  -6.416125008295   0.882302869874  -0.665390133239   2.011839510892  -0.707765934018  -0.015048393323 
  0.277972938031   1.980718929058   1.853998792852   0.248773057299  -2.727699194267   2.063401679601  -2.294905397299   1.152368477311  -0.093674245624   1.176732532140   0.292667957026   1.567044413252  -0.419124498186  -0.289383565059  -1.239966440805   0.579600513098   0.820242924575   0.431256507902 
 -0.470908415595   1.853998792852   9.074358607741  -0.307593438583  -8.013632205641   3.437396870803  -4.908067854154  -0.096717261497   0.936012645887   3.368685076323  -1.213101978889   1.334259594250   0.720398666856  -1.403648112614  -2.548079897424   0.435495247426   1.011339705532  -2.711828623603 
 -2.095888995288   0.248773057299  -0.307593438583   3.945368482970  -0.132441773433   1.255780770434  -2.375188554719   1.290785384204   2.704288153420   0.750736899106  -0.342007510113   4.983141784127   2.229083926604  -0.190602233373  -0.266319102176   0.050008983177   0.738940525575  -1.650571349418 
 -1.881574121580  -2.727699194267  -8.013632205641  -0.132441773433  33.499724399352  -5.398924026158   4.367605942717   1.023532988285   0.832195952308  -1.406012533011  -0.503876353797   3.968913949700   0.691118272864   0.666302055285   1.087797099043  -1.189458351878  -1.524285793497   3.592096818133 
  0.282117308036   2.063401679601   3.437396870803   1.255780770434  -5.398924026158  18.676793450623 -16.710190600931   2.666962482768  -2.138562887359   4.867800338197   3.655273034591   9.502912985228   0.886047043389   0.172921133532  -2.232901132445   1.998440034196   3.481143526781  -7.223889491724 
  0.198382123150  -2.294905397299  -4.908067854154  -2.375188554719   4.367605942717 -16.710190600931  28.390943587752  -0.424933324649   0.134546493198  -8.093054371307  -0.680383193421  -0.445699227462  -0.694762632080   2.888662889552   4.518802717016  -3.307651084174  -4.098914510341  17.525200480564 
 -3.085385798298   1.152368477311  -0.096717261497   1.290785384204   1.023532988285   2.666962482768  -0.424933324649   7.847400760001   4.660152556400   0.269147265755  -0.978909459877   8.444280005845   3.269913590923   0.370712120685  -0.207097681507  -0.311580006743   1.085474171311   2.459402102821 
 -6.036158386141  -0.093674245624   0.936012645887   2.704288153420   0.832195952308  -2.138562887359   0.134546493198   4.660152556400  11.712504541751  -0.487798178283  -4.935517327939   6.991042421941   5.952870123094   0.083270085430   1.186784356999  -2.629460132654   0.405404692135  -2.259608831032 
  0.361877382994   1.176732532140   3.368685076323   0.750736899106  -1.406012533011   4.867800338197  -8.093054371307   0.269147265755  -0.487798178283   6.159793702312   0.335234945507  -0.102958027704  -0.084970768728  -0.932067872996  -3.476945507979   2.095739718701   0.923752533705  -5.097469251853 
  4.189485086242   0.292667957026  -1.213101978889  -0.342007510113  -0.503876353797   3.655273034591  -0.680383193421  -0.978909459877  -4.935517327939   0.335234945507   7.922354357222  -5.332422312668  -3.837504919611   0.484525005159  -0.939806027036   0.789806967617   0.382260904400   1.566087596701 
-17.156990292187   1.567044413252   1.334259594250   4.983141784127   3.968913949700   9.502912985228  -0.445699227462   8.444280005845   6.991042421941  -0.102958027704  -5.332422312668  68.531410951619  17.279261158015   0.657934949177   0.665718094367  -4.811075879966   3.727506951607   8.566911441868 
 -6.416125008295  -0.419124498186   0.720398666856   2.229083926604   0.691118272864   0.886047043389  -0.694762632080   3.269913590923   5.952870123094  -0.084970768728  -3.837504919611  17.279261158015   6.985017799151  -0.234425482951   0.842433988358  -1.812752549342   0.233118770954  -0.585651196308 
  0.882302869874  -0.289383565059  -1.403648112614  -0.190602233373   0.666302055285   0.172921133532   2.888662889552   0.370712120685   0.083270085430  -0.932067872996   0.484525005159   0.657934949177  -0.234425482951   2.130786836584   0.948601365098  -0.995690285681  -0.285710714385   1.849981708245 
 -0.665390133239  -1.239966440805  -2.548079897424  -0.266319102176   1.087797099043  -2.232901132445   4.518802717016  -0.207097681507   1.186784356999  -3.476945507979  -0.939806027036   0.665718094367   0.842433988358   0.948601365098   4.928350219713  -0.486153828092  -3.230518367477   1.016467924878 
  2.011839510892   0.579600513098   0.435495247426   0.050008983177  -1.189458351878   1.998440034196  -3.307651084174  -0.311580006743  -2.629460132654   2.095739718701   0.789806967617  -4.811075879966  -1.812752549342  -0.995690285681  -0.486153828092   5.837537613241  -2.479281135454  -2.534043266843 
 -0.707765934018   0.820242924575   1.011339705532   0.738940525575  -1.524285793497   3.481143526781  -4.098914510341   1.085474171311   0.405404692135   0.923752533705   0.382260904400   3.727506951607   0.233118770954  -0.285710714385  -3.230518367477  -2.479281135454  33.547487859194  -1.534119318587 
 -0.015048393323   0.431256507902  -2.711828623603  -1.650571349418   3.592096818133  -7.223889491724  17.525200480564   2.459402102821  -2.259608831032  -5.097469251853   1.566087596701   8.566911441868  -0.585651196308   1.849981708245   1.016467924878  -2.534043266843  -1.534119318587  18.067677518017 

-78.117809401783   3.356178339144   7.391099283798  22.939255673886  17.912161500081  24.786840476122  -0.963538836176  46.915609620591  61.057182255136  -2.825223354187 -35.089145605118 252.000077550957  77.695684743567   1.325570106712   6.704493163085 -22.756500620708  11.266688372201  22.174583606770 

CC
  9.017733605980   0.839276823671  -0.276135766155  -2.372862751966  -2.827289904177  -0.363352763784  -1.053567893643  -3.458962326595  -6.450765717160  -0.342681502811   4.572703667159 -22.204060861037  -7.708841896047   2.475586642956  -0.349343058057   2.440157560341  -0.662713375856   0.819790153270 
  0.839276823671   2.354455484611   2.508066046328  -0.213435173576  -4.211723421119   2.401331889186  -2.490872236282   0.505073748617  -0.524424011709   1.117313324776   1.075683738313   0.276712273921  -0.966975635794  -0.506940427820  -1.200106477054   0.451410056260   1.219914079885  -0.858922231949 
 -0.276135766155   2.508066046328  10.335618314207   0.088646399410  -6.545017064007   4.866654104075  -4.885145345635  -0.523777895442   0.690328563004   4.326076618955  -0.679767489333   1.387360946383   0.630625146757  -1.390585283919  -3.779112808498  -0.184465250068   1.938424417811  -2.793706711431 
 -2.372862751966  -0.213435173576   0.088646399410   5.642110032300   0.753285035385   0.431557187516  -2.621053248708   1.636379055597   4.675660126115   1.325294208856  -1.077811925589   5.620289022218   2.350363711337  -0.733586483110  -1.225968466516  -1.019790570817   1.614586797285  -1.755103157312 
 -2.827289904177  -4.211723421119  -6.545017064007   0.753285035385  37.765073568375 -10.180224023997   5.324841186653   0.929820733307   1.819457317125  -2.064134874642  -1.964472627147   3.300335952040   1.156193805815   0.832804729831   1.747668146512  -0.409684976717  -2.334841066469   3.081951262427 
 -0.363352763784   2.401331889186   4.866654104075   0.431557187516 -10.180224023997  19.807839555824 -19.179570224768   3.770037811599  -0.544030694225   4.972004877063   1.174106792566   9.164142186082  -0.181971404528  -1.788518942603  -2.611765702621   1.106458954139   3.123551538398 -15.049682431815 
 -1.053567893643  -2.490872236282  -4.885145345635  -2.621053248708   5.324841186653 -19.179570224768  33.101571902316  -0.413393117704   0.498080330248  -9.253116348675  -1.585394248504   3.020643949315   2.957540658703   3.143933510153   5.381019096746  -1.070887127695  -4.432847469083  20.798768141204 
 -3.458962326595   0.505073748617  -0.523777895442   1.636379055597   0.929820733307   3.770037811599  -0.413393117704   7.748960681383   5.086408983473   0.069993301757  -1.966831248970  10.181863336479   3.444999708200  -0.370620683525   0.507139020736  -1.383844823611   0.874211042819  -0.642204083204 
 -6.450765717160  -0.524424011709   0.690328563004   4.675660126115   1.819457317125  -0.544030694225   0.498080330248   5.086408983473  16.577632605269  -0.153396906761  -7.045225719368  10.795860507437   6.346153155883  -0.461399279343   0.112630154709  -4.476157249887   2.726753461404  -0.628406862508 
 -0.342681502811   1.117313324776   4.326076618955   1.325294208856  -2.064134874642   4.972004877063  -9.253116348675   0.069993301757  -0.153396906761   7.295807419996  -0.507901376031   1.599436700821   0.220949340436  -1.644447047239  -5.261066904713   0.553369377543   2.403145558473  -5.790720769182 
  4.572703667159   1.075683738313  -0.679767489333  -1.077811925589  -1.964472627147   1.174106792566  -1.585394248504  -1.966831248970  -7.045225719368  -0.507901376031   7.894343296625  -7.221834763673  -3.824757822586  -0.226763583142  -0.952962112315   2.321927736090  -0.864943246917   0.170465585442 
-22.204060861037   0.276712273921   1.387360946383   5.620289022218   3.300335952040   9.164142186082   3.020643949315  10.181863336479  10.795860507437   1.599436700821  -7.221834763673  77.858933766166  21.344826143361  -6.095188277240   0.454490873989  -5.390736802645   3.900004427206  -3.433007974519 
 -7.708841896047  -0.966975635794   0.630625146757   2.350363711337   1.156193805815  -0.181971404528   2.957540658703   3.444999708200   6.346153155883   0.220949340436  -3.824757822586  21.344826143361   8.616247962608  -1.507870229840  -0.583370540594  -1.459313718384   4.328611982093   2.259177124188 
  2.475586642956  -0.506940427820  -1.390585283919  -0.733586483110   0.832804729831  -1.788518942603   3.143933510153  -0.370620683525  -0.461399279343  -1.644447047239  -0.226763583142  -6.095188277240  -1.507870229840   2.255467379824   0.892908737134   0.477812451218  -2.801108221502   2.314986648377 
 -0.349343058057  -1.200106477054  -3.779112808498  -1.225968466516   1.747668146512  -2.611765702621   5.381019096746   0.507139020736   0.112630154709  -5.261066904713  -0.952962112315   0.454490873989  -0.583370540594   0.892908737134  13.938260283468  -1.353809754776 -13.701045749764   0.496477422037 
  2.440157560341   0.451410056260  -0.184465250068  -1.019790570817  -0.409684976717   1.106458954139  -1.070887127695  -1.383844823611  -4.476157249887   0.553369377543   2.321927736090  -5.390736802645  -1.459313718384   0.477812451218  -1.353809754776   5.213617678594   4.756418822421   1.324973342480 
 -0.662713375856   1.219914079885   1.938424417811   1.614586797285  -2.334841066469   3.123551538398  -4.432847469083   0.874211042819   2.726753461404   2.403145558473  -0.864943246917   3.900004427206   4.328611982093  -2.801108221502 -13.701045749764   4.756418822421  60.873669469027   0.187192361945 
  0.819790153270  -0.858922231949  -2.793706711431  -1.755103157312   3.081951262427 -15.049682431815  20.798768141204  -0.642204083204  -0.628406862508  -5.790720769182   0.170465585442  -3.433007974519   2.259177124188   2.314986648377   0.496477422037   1.324973342480   0.187192361945  20.775998581662 

-99.355927096597  -4.160286559024   6.309869301105  32.731428528377  21.155859154908  28.607666749826  12.586166392810  53.266638283384  92.196083971647   5.949266890502 -52.022780293952 304.791583506308  94.928548846581 -21.254209596104   6.341880523675 -36.781655656878  22.762997129627 -13.832862600571 

CG
  6.913810670127   0.294178188726  -0.539505294880  -2.163123650964  -1.771273953211   0.345738105784  -0.079170789630  -3.048779194828  -6.246813174139   0.088115710273   3.901819544013 -16.803307000082  -6.272940043033   0.588553018144  -0.690395499289   2.305916873484  -0.804584317111  -0.264684248981 
  0.294178188726   1.983364583647   1.645450920677   0.106858515719  -2.543314262959   2.132117672098  -2.326253033192   1.248259110454   0.134887853640   1.000008297271   0.423628375365   1.553892665649  -0.588553018144   0.101835650834  -1.392021911988  -0.162124294194   0.667014587184   0.638608769667 
 -0.539505294880   1.645450920677   9.061803393591  -0.390523110888  -8.187040871967   3.245055739081  -4.737168642152  -0.227942132473   1.217004933328   3.618984216291  -1.082854397118   1.179622272887   0.690395499289  -1.392021911988  -2.558241229644   0.144589745153   0.688854600334  -2.046143974143 
 -2.163123650964   0.106858515719  -0.390523110888   3.910031809350   0.735968752937   1.002603337127  -2.125987042451   1.198768576081   2.863376193664   0.431287677969  -0.673482062036   4.969695256778   2.305916873484   0.162124294194  -0.144589745153  -1.225056395353   1.050319825312  -1.450641675312 
 -1.771273953211  -2.543314262959  -8.187040871967   0.735968752937  38.061568468486  -4.523178087196   4.034068371503   1.234712037186   0.941511372548  -0.992954059349   0.263074604721   4.073733996294   0.804584317111   0.667014587184   0.688854600334  -1.050319825312  -1.648479965102   3.376458314995 
  0.345738105784   2.132117672098   3.245055739081   1.002603337127  -4.523178087196  17.529742001681 -16.473024472941   2.812563051809  -1.848278531050   4.563528136444   1.791184230506   8.745497582762   0.264684248981   0.638608769667  -2.046143974143   1.450641675312   3.376458314995  -6.975811995192 
 -0.079170789630  -2.326253033192  -4.737168642152  -2.125987042451   4.034068371503 -16.473024472941  27.734978377199   0.000000000000   0.000000000000  -8.562775196398  -0.000000000000  -0.000000000000  -0.079170789630   2.326253033192   4.737168642152  -2.125987042451  -4.034068371503  16.473024472941 
 -3.048779194828   1.248259110454  -0.227942132473   1.198768576081   1.234712037186   2.812563051809   0.000000000000   7.896146918881   4.483703073598  -0.000000000000  -1.191151565818   9.235547683385   3.048779194828   1.248259110454  -0.227942132473  -1.198768576081   1.234712037186   2.812563051809 
 -6.246813174139   0.134887853640   1.217004933328   2.863376193664   0.941511372548  -1.848278531050   0.000000000000   4.483703073598  11.700633773579   0.000000000000  -5.064626502511   7.935408209624   6.246813174139   0.134887853640   1.217004933328  -2.863376193664   0.941511372548  -1.848278531050 
  0.088115710273   1.000008297271   3.618984216291   0.431287677969  -0.992954059349   4.563528136444  -8.562775196398  -0.000000000000   0.000000000000   6.134155124608   0.000000000000  -0.000000000000   0.088115710273  -1.000008297271  -3.618984216291   0.431287677969   0.992954059349  -4.563528136444 
  3.901819544013   0.423628375365  -1.082854397118  -0.673482062036   0.263074604721   1.791184230506  -0.000000000000  -1.191151565818  -5.064626502511   0.000000000000   8.034527377959  -6.317890107835  -3.901819544013   0.423628375365  -1.082854397118   0.673482062036   0.263074604721   1.791184230506 
-16.803307000082   1.553892665649   1.179622272887   4.969695256778   4.073733996294   8.745497582762  -0.000000000000   9.235547683385   7.935408209624  -0.000000000000  -6.317890107835  68.167078649441  16.803307000082   1.553892665649   1.179622272887  -4.969695256778   4.073733996294   8.745497582762 
 -6.272940043033  -0.588553018144   0.690395499289   2.305916873484   0.804584317111   0.264684248981  -0.079170789630   3.048779194828   6.246813174139   0.088115710273  -3.901819544013  16.803307000082   6.913810670127  -0.294178188726   0.539505294880  -2.163123650964   1.771273953211  -0.345738105784 
  0.588553018144   0.101835650834  -1.392021911988   0.162124294194   0.667014587184   0.638608769667   2.326253033192   1.248259110454   0.134887853640  -1.000008297271   0.423628375365   1.553892665649  -0.294178188726   1.983364583647   1.645450920677  -0.106858515719  -2.543314262959   2.132117672098 
 -0.690395499289  -1.392021911988  -2.558241229644  -0.144589745153   0.688854600334  -2.046143974143   4.737168642152  -0.227942132473   1.217004933328  -3.618984216291  -1.082854397118   1.179622272887   0.539505294880   1.645450920677   9.061803393591   0.390523110888  -8.187040871967   3.245055739081 
  2.305916873484  -0.162124294194   0.144589745153  -1.225056395353  -1.050319825312   1.450641675312  -2.125987042451  -1.198768576081  -2.863376193664   0.431287677969   0.673482062036  -4.969695256778  -2.163123650964  -0.106858515719   0.390523110888   3.910031809350  -0.735968752937  -1.002603337127 
 -0.804584317111   0.667014587184   0.688854600334   1.050319825312  -1.648479965102   3.376458314995  -4.034068371503   1.234712037186   0.941511372548   0.992954059349   0.263074604721   4.073733996294   1.771273953211  -2.543314262959  -8.187040871967  -0.735968752937  38.061568468486  -4.523178087196 
 -0.264684248981   0.638608769667  -2.046143974143  -1.450641675312   3.376458314995  -6.975811995192  16.473024472941   2.812563051809  -1.848278531050  -4.563528136444   1.791184230506   8.745497582762  -0.345738105784   2.132117672098   3.245055739081  -1.002603337127  -4.523178087196  17.529742001681 

-77.075900694132   3.945717671852   8.058349261488  23.550648184718  18.248598643845  24.333913709556   0.000000000000  48.633446659189  63.915884028275   0.000000000000 -37.628089976735 253.890820701011  77.075900694132   3.945717671852   8.058349261488 -23.550648184718  18.248598643845  24.333913709556 

CT
  9.266182816354   0.962268736574  -1.082045845814  -1.978504961041  -1.257614618004   1.176715273139  -3.325618596829  -2.479631248452  -5.948626816574  -1.567294030860   4.331923934782 -21.562326943885  -8.562666180182   2.580030661503   0.250346536587   2.307485042174  -1.017909508556  -0.599807235931 
  0.962268736574   2.482828530283   2.027021597854   0.275033257455  -4.286771853685   1.589895398106  -2.648989197112  -0.271302555463   0.101894123761   0.826389239392   1.551086465925  -0.434001128954  -0.977240792193  -0.479358131337  -0.993879185088  -0.154571442264   0.925986703969  -0.609396261259 
 -1.082045845814   2.027021597854   9.924779677306  -0.836839630949  -8.114587824604   3.822982994708  -3.859168057432  -1.070167882459  -0.432702902812   5.030707160139  -1.303101106777   2.008603925468   1.140412042459  -2.028838682192  -4.118387977622   0.278988940993   1.749025079047  -2.568467352916 
 -1.978504961041   0.275033257455  -0.836839630949   5.616926456930   1.486721448963   1.533352742001  -3.060928949649   1.350924384634   4.877748472782   0.437252320499  -0.106120498341   5.345093696518   2.387660822949  -0.248241058338  -0.518285399185  -2.193921855918   1.927794831573  -1.627370166665 
 -1.257614618004  -4.286771853685  -8.114587824604   1.486721448963  38.051594708249  -5.625523499442   4.457952816198   1.875238797143   1.820820871987  -1.868052716576  -2.471543935066   2.450014983430   0.459742385808   0.824550405131   2.343668022173  -1.301498588773  -2.308340595699   2.767005567866 
  1.176715273139   1.589895398106   3.822982994708   1.533352742001  -5.625523499442  18.557724950713 -19.521318484676   3.125666231719  -0.363562472319   4.463122214365   0.563312637741   6.048342433635  -1.190500608330  -0.079328589831  -1.168789429066   0.002535920078   1.822493056036 -14.246230984347 
 -3.325618596829  -2.648989197112  -3.859168057432  -3.060928949649   4.457952816198 -19.521318484676  35.974667369628  -0.085650174096  -1.181855571709  -8.120454445813  -0.675905766475   7.538103255385   4.954861019519   1.677422040881   4.102297266876   0.226499293336  -4.230812833908  22.364027880766 
 -2.479631248452  -0.271302555463  -1.070167882459   1.350924384634   1.875238797143   3.125666231719  -0.085650174096   8.768570858967   5.574551614819  -0.804241332001  -2.802138473777   7.236422395763   3.268349535871   1.579531871318   0.924886477363  -1.401381669947   0.405899787942   0.492372537991 
 -5.948626816574   0.101894123761  -0.432702902812   4.877748472782   1.820820871987  -0.363562472319  -1.181855571709   5.574551614819  17.599536441514  -1.575543338218  -6.279349680343   9.141416527532   6.049792099263   0.237573000062   1.785797136033  -5.124563056024   2.642312899786  -1.136641826756 
 -1.567294030860   0.826389239392   5.030707160139   0.437252320499  -1.868052716576   4.463122214365  -8.120454445813  -0.804241332001  -1.575543338218   8.921541094101  -1.080343208023   3.673017387856   1.032030458269  -2.399532466737  -5.721615276311  -0.567720679607   1.695519071458  -5.558476085793 
  4.331923934782   1.551086465925  -1.303101106777  -0.106120498341  -2.471543935066   0.563312637741  -0.675905766475  -2.802138473777  -6.279349680343  -1.080343208023   9.351971619519  -5.667411561499  -3.544494393276  -0.394153724003  -1.009835633909   1.764773537341  -0.516056323791   1.956202015767 
-21.562326943885  -0.434001128954   2.008603925468   5.345093696518   2.450014983430   6.048342433635   7.538103255385   7.236422395763   9.141416527532   3.673017387856  -5.667411561499  74.441049588599  22.688734514071  -4.866768904047  -0.126237360901  -4.752382972512   4.170413590578  -0.307320100412 
 -8.562666180182  -0.977240792193   1.140412042459   2.387660822949   0.459742385808  -1.190500608330   4.954861019519   3.268349535871   6.049792099263   1.032030458269  -3.544494393276  22.688734514071   9.059091869188  -1.705057469813  -0.160893485663  -2.524799511217  -0.295008707169   2.081343365629 
  2.580030661503  -0.479358131337  -2.028838682192  -0.248241058338   0.824550405131  -0.079328589831   1.677422040881   1.579531871318   0.237573000062  -2.399532466737  -0.394153724003  -4.866768904047  -1.705057469813   3.024826032883   2.087538650818  -0.073645407621  -1.368121583188   1.407045574605 
  0.250346536587  -0.993879185088  -4.118387977622  -0.518285399185   2.343668022173  -1.168789429066   4.102297266876   0.924886477363   1.785797136033  -5.721615276311  -1.009835633909  -0.126237360901  -0.160893485663   2.087538650818   5.619361771398  -0.205786404365  -6.410429051795   1.718069440618 
  2.307485042174  -0.154571442264   0.278988940993  -2.193921855918  -1.301498588773   0.002535920078   0.226499293336  -1.401381669947  -5.124563056024  -0.567720679607   1.764773537341  -4.752382972512  -2.524799511217  -0.073645407621  -0.205786404365   6.248767946084   2.557854993171   1.583207975402 
 -1.017909508556   0.925986703969   1.749025079047   1.927794831573  -2.308340595699   1.822493056036  -4.230812833908   0.405899787942   2.642312899786   1.695519071458  -0.516056323791   4.170413590578  -0.295008707169  -1.368121583188  -6.410429051795   2.557854993171  35.257988280000  -3.290353869985 
 -0.599807235931  -0.609396261259  -2.568467352916  -1.627370166665   2.767005567866 -14.246230984347  22.364027880766   0.492372537991  -1.136641826756  -5.558476085793   1.956202015767  -0.307320100412   2.081343365629   1.407045574605   1.718069440618   1.583207975402  -3.290353869985  19.597972651638 

-97.065033341622  -6.017476857276   6.381511603742  29.867904697332  18.956548985817  17.215658802145  27.385850764519  43.348504330862  86.802273066739   9.576923752339 -45.252752989395 288.088506373381  99.121544933278 -18.315902255401   4.778555885625 -32.155720604121  18.512207713789  -4.152234511708 

GA
  8.521418156446   1.369788443231   0.737459836597  -2.055964209283  -3.340086893666  -1.726285590425   2.602862788674  -3.403464262065  -7.034186288715   0.269082171349   3.620735382341 -20.142465219059  -7.687061954237   1.528194731382   0.177047292149   2.578346466893  -1.272040503868   0.774954032969 
  1.369788443231   2.337916327506   1.353666679165  -0.381398568581  -2.408675505836   2.299000400236  -2.751786730087  -0.825132714187  -0.470497518952   2.114835920669  -0.267649707117  -6.682265123645  -2.200011552966  -0.712216760428  -1.167691153629   0.924498841801   0.903772252503  -2.383179570724 
  0.737459836597   1.353666679165  12.800213270359   0.639096225704 -11.114060724893   1.048405652310  -4.621456256852   0.720593159665  -1.028081482545   5.121324786470  -0.739348895990   0.101671926710   0.012872425034  -0.915569162344  -3.715942906450   1.244011223388   1.520331701059  -2.443786220971 
 -2.055964209283  -0.381398568581   0.639096225704   5.382706486615  -3.338053724705  -1.297969160155  -0.287253374898   2.357546604645   4.906717067464  -0.044116293239  -1.990434210549   6.591208672943   2.606455430775  -0.308814767002  -0.266583281806  -1.949969569969   1.326767429849   0.744138073560 
 -3.340086893666  -2.408675505836 -11.114060724893  -3.338053724705  53.597063199713  -1.491004253463   2.352335082755   0.331838138910   2.933207034417  -1.354307269782   0.057619945195   1.954796487010   0.404494544228   0.922250621475   1.502261899525  -1.821735971256  -2.240733280855   1.452421288222 
 -1.726285590425   2.299000400236   1.048405652310  -1.297969160155  -1.491004253463  20.988372076281 -19.295926426719  -0.975667752530   0.317345113165   6.477008176964   1.336185960965  -6.922080285014  -0.193935101221  -1.875231328649  -2.382131562676   1.970643783348   2.085973255741 -15.182333609951 
  2.602862788674  -2.751786730087  -4.621456256852  -0.287253374898   2.352335082755 -19.295926426719  31.288228297540  -0.144666918495  -0.594687089966  -9.507428114074   1.050142621031  -2.901634864373  -1.960447002336   2.698114641137   4.401161497047  -2.539099008536  -4.246101490702  19.609739576887 
 -3.403464262065  -0.825132714187   0.720593159665   2.357546604645   0.331838138910  -0.975667752530  -0.144666918495   8.029292902801   5.902755902060   0.107604411520  -2.271700533398   9.485050878708   3.473505619889  -0.401197471507  -1.131837287140  -1.224514097968   0.971739376451   3.150818756375 
 -7.034186288715  -0.470497518952  -1.028081482545   4.906717067464   2.933207034417   0.317345113165  -0.594687089966   5.902755902060  17.338013256800  -0.985687570618  -7.190378049291  10.895737881534   6.416380917076  -0.991764552112   0.492112038966  -5.134617311372   1.881406693446  -0.385249861483 
  0.269082171349   2.114835920669   5.121324786470  -0.044116293239  -1.354307269782   6.477008176964  -9.507428114074   0.107604411520  -0.985687570618   8.434958526501   0.967504262805  -1.993868581785  -0.456736561664  -1.195644067501  -4.713788001074   2.114787933201   1.183555784137  -6.284553777082 
  3.620735382341  -0.267649707117  -0.739348895990  -1.990434210549   0.057619945195   1.336185960965   1.050142621031  -2.271700533398  -7.190378049291   0.967504262805   8.642154089526  -6.783661699542  -4.239201947373   0.998017673729  -0.608673519751   1.175007647709  -1.130480318946   1.526926495008 
-20.142465219059  -6.682265123645   0.101671926710   6.591208672943   1.954796487010  -6.922080285014  -2.901634864373   9.485050878708  10.895737881534  -1.993868581785  -6.783661699542  75.541962610353  20.964386672606  -0.668870579257  -0.198958955280  -5.761193270936   3.135697272406   7.243303727970 
 -7.687061954237  -2.200011552966   0.012872425034   2.606455430775   0.404494544228  -0.193935101221  -1.960447002336   3.473505619889   6.416380917076  -0.456736561664  -4.239201947373  20.964386672606   8.364938995802  -0.669622716279   0.208861771591  -2.356397848601   0.496340551521  -0.807251746976 
  1.528194731382  -0.712216760428  -0.915569162344  -0.308814767002   0.922250621475  -1.875231328649   2.698114641137  -0.401197471507  -0.991764552112  -1.195644067501   0.998017673729  -0.668870579257  -0.669622716279   2.386042669848   0.936388708005  -0.688170574715  -0.733892955462   1.433726368479 
  0.177047292149  -1.167691153629  -3.715942906450  -0.266583281806   1.502261899525  -2.382131562676   4.401161497047  -1.131837287140   0.492112038966  -4.713788001074  -0.608673519751  -0.198958955280   0.208861771591   0.936388708005   5.415602852462  -0.634451315435  -2.159968179997   1.557926855150 
  2.578346466893   0.924498841801   1.244011223388  -1.949969569969  -1.821735971256   1.970643783348  -2.539099008536  -1.224514097968  -5.134617311372   2.114787933201   1.175007647709  -5.761193270936  -2.356397848601  -0.688170574715  -0.634451315435   6.694553701653  -2.085752324991  -2.681580852549 
 -1.272040503868   0.903772252503   1.520331701059   1.326767429849  -2.240733280855   2.085973255741  -4.246101490702   0.971739376451   1.881406693446   1.183555784137  -1.130480318946   3.135697272406   0.496340551521  -0.733892955462  -2.159968179997  -2.085752324991  32.254493581452  -0.860859814279 
  0.774954032969  -2.383179570724  -2.443786220971   0.744138073560   1.452421288222 -15.182333609951  19.609739576887   3.150818756375  -0.385249861483  -6.284553777082   1.526926495008   7.243303727970  -0.807251746976   1.433726368479   1.557926855150  -2.681580852549  -0.860859814279  18.859175828325 

-93.619188087377 -24.266960150661  -0.546336620440  42.192917198549  17.626030871457 -23.112257400856 -12.137694895445  53.753311947417  96.563783415310 -12.533677525119 -49.498370245503 297.557622829341  94.368021895670  -8.144403329963   1.561200704390 -35.422428155678  15.580571044459  24.806364748077 

GC
 10.052009783880   1.358692689485   0.535197141547  -1.923364209626  -3.214282854413  -2.031230832481   1.515852635998  -3.762720978817  -6.442481202490  -0.523700180447   3.351026698879 -24.843214370140  -8.808591098894   2.831371613222   0.495736126248   2.905648621545  -1.298345104671   1.809916329722 
  1.358692689485   2.229201916375   0.549743383363  -0.741083896713  -2.196038779768   2.851460462675  -3.581755172462  -0.688819679923  -0.236234142053   2.004331187812   0.109650180037  -6.031880656139  -2.831371613222  -0.703244084984  -0.919892323001   0.137866532480   0.455905097774  -2.943090061295 
  0.535197141547   0.549743383363  13.201923453769   0.815825643879 -11.659031899211  -0.075568365472  -3.952303528932  -0.448647738285  -0.193387071680   4.246308725007  -0.345855844583  -0.851751290583  -0.495736126248  -0.919892323001  -3.415759270510   0.204623977831   1.901937025285  -1.987032495962 
 -1.923364209626  -0.741083896713   0.815825643879   6.101912002453  -4.066399980970  -1.760954848268  -0.283377394599   1.715069144588   4.642837946038  -0.093264953022  -1.217815378504   6.132951298944   2.905648621545  -0.137866532480  -0.204623977831  -1.797614518403   2.188481607050   0.170048150374 
 -3.214282854413  -2.196038779768 -11.659031899211  -4.066399980970  59.764393282408   1.731607454592   4.063118128171   0.925352420212   3.064057688083  -1.304267583448  -1.035198673123   4.252223279907   1.298345104671   0.455905097774   1.901937025285  -2.188481607050  -3.580209157160   1.723266799661 
 -2.031230832481   2.851460462675  -0.075568365472  -1.760954848268   1.731607454592  21.569085090809 -22.113361596873   0.497343001232   0.165702578377   4.378804919155   0.454287258268  -2.578678445398  -1.809916329722  -2.943090061295  -1.987032495962  -0.170048150374   1.723266799661 -16.196580131067 
  1.515852635998  -3.581755172462  -3.952303528932  -0.283377394599   4.063118128171 -22.113361596873  34.771709534877   0.000000000000  -0.000000000000  -8.032692696031  -0.000000000000   0.000000000000   1.515852635998   3.581755172462   3.952303528932  -0.283377394599  -4.063118128171  22.113361596873 
 -3.762720978817  -0.688819679923  -0.448647738285   1.715069144588   0.925352420212   0.497343001232   0.000000000000   7.056840920105   4.659431304229   0.000000000000  -0.543583228162  11.491449214426   3.762720978817  -0.688819679923  -0.448647738285  -1.715069144588   0.925352420212   0.497343001232 
 -6.442481202490  -0.236234142053  -0.193387071680   4.642837946038   3.064057688083   0.165702578377  -0.000000000000   4.659431304229  15.830923716013  -0.000000000000  -5.308417596053  11.671691578128   6.442481202490  -0.236234142053  -0.193387071680  -4.642837946038   3.064057688083   0.165702578377 
 -0.523700180447   2.004331187812   4.246308725007  -0.093264953022  -1.304267583448   4.378804919155  -8.032692696031   0.000000000000  -0.000000000000   6.932999680575   0.000000000000   0.000000000000  -0.523700180447  -2.004331187812  -4.246308725007  -0.093264953022   1.304267583448  -4.378804919155 
  3.351026698879   0.109650180037  -0.345855844583  -1.217815378504  -1.035198673123   0.454287258268  -0.000000000000  -0.543583228162  -5.308417596053   0.000000000000   7.419009721065  -5.144742302786  -3.351026698879   0.109650180037  -0.345855844583   1.217815378504  -1.035198673123   0.454287258268 
-24.843214370140  -6.031880656139  -0.851751290583   6.132951298944   4.252223279907  -2.578678445398   0.000000000000  11.491449214426  11.671691578128   0.000000000000  -5.144742302786  84.188843729776  24.843214370140  -6.031880656139  -0.851751290583  -6.132951298944   4.252223279907  -2.578678445398 
 -8.808591098894  -2.831371613222  -0.495736126248   2.905648621545   1.298345104671  -1.809916329722   1.515852635998   3.762720978817   6.442481202490  -0.523700180447  -3.351026698879  24.843214370140  10.052009783880  -1.358692689485  -0.535197141547  -1.923364209626   3.214282854413   2.031230832481 
  2.831371613222  -0.703244084984  -0.919892323001  -0.137866532480   0.455905097774  -2.943090061295   3.581755172462  -0.688819679923  -0.236234142053  -2.004331187812   0.109650180037  -6.031880656139  -1.358692689485   2.229201916375   0.549743383363   0.741083896713  -2.196038779768   2.851460462675 
  0.495736126248  -0.919892323001  -3.415759270510  -0.204623977831   1.901937025285  -1.987032495962   3.952303528932  -0.448647738285  -0.193387071680  -4.246308725007  -0.345855844583  -0.851751290583  -0.535197141547   0.549743383363  13.201923453769  -0.815825643879 -11.659031899211  -0.075568365472 
  2.905648621545   0.137866532480   0.204623977831  -1.797614518403  -2.188481607050  -0.170048150374  -0.283377394599  -1.715069144588  -4.642837946038  -0.093264953022   1.217815378504  -6.132951298944  -1.923364209626   0.741083896713  -0.815825643879   6.101912002453   4.066399980970   1.760954848268 
 -1.298345104671   0.455905097774   1.901937025285   2.188481607050  -3.580209157160   1.723266799661  -4.063118128171   0.925352420212   3.064057688083   1.304267583448  -1.035198673123   4.252223279907   3.214282854413  -2.196038779768 -11.659031899211   4.066399980970  59.764393282408   1.731607454592 
  1.809916329722  -2.943090061295  -1.987032495962   0.170048150374   1.723266799661 -16.196580131067  22.113361596873   0.497343001232   0.165702578377  -4.378804919155   0.454287258268  -2.578678445398   2.031230832481   2.851460462675  -0.075568365472   1.760954848268   1.731607454592  21.569085090809 

-108.009707916092 -21.077466698824  -0.362994991392  38.559537192806  27.485283654020  -6.033574978014   0.000000000000  53.882980054830  90.369293852686   0.000000000000 -36.725432599604 329.520522656534 108.009707916092 -21.077466698824  -0.362994991392 -38.559537192806  27.485283654020  -6.033574978014 

GG
  8.616247962608   1.507870229840   0.583370540594  -1.459313718384  -4.328611982093  -2.259177124188   2.957540658703  -3.444999708200  -6.346153155883   0.220949340436   3.824757822586 -21.344826143361  -7.708841896047   0.966975635794  -0.630625146757   2.350363711337  -1.156193805815   0.181971404528 
  1.507870229840   2.255467379824   0.892908737134  -0.477812451218  -2.801108221502   2.314986648377  -3.143933510153  -0.370620683525  -0.461399279343   1.644447047239  -0.226763583142  -6.095188277240  -2.475586642956  -0.506940427820  -1.390585283919   0.733586483110   0.832804729831  -1.788518942603 
  0.583370540594   0.892908737134  13.938260283468   1.353809754776 -13.701045749764   0.496477422037  -5.381019096746   0.507139020736   0.112630154709   5.261066904713  -0.952962112315   0.454490873989   0.349343058057  -1.200106477054  -3.779112808498   1.225968466516   1.747668146512  -2.611765702621 
 -1.459313718384  -0.477812451218   1.353809754776   5.213617678594  -4.756418822421  -1.324973342480  -1.070887127695   1.383844823611   4.476157249887   0.553369377543  -2.321927736090   5.390736802645   2.440157560341  -0.451410056260   0.184465250068  -1.019790570817   0.409684976717  -1.106458954139 
 -4.328611982093  -2.801108221502 -13.701045749764  -4.756418822421  60.873669469027   0.187192361945   4.432847469083   0.874211042819   2.726753461404  -2.403145558473  -0.864943246917   3.900004427206   0.662713375856   1.219914079885   1.938424417811  -1.614586797285  -2.334841066469   3.123551538398 
 -2.259177124188   2.314986648377   0.496477422037  -1.324973342480   0.187192361945  20.775998581662 -20.798768141204  -0.642204083204  -0.628406862508   5.790720769182   0.170465585442  -3.433007974519  -0.819790153270  -0.858922231949  -2.793706711431   1.755103157312   3.081951262427 -15.049682431815 
  2.957540658703  -3.143933510153  -5.381019096746  -1.070887127695   4.432847469083 -20.798768141204  33.101571902316   0.413393117704  -0.498080330248  -9.253116348675   1.585394248504  -3.020643949315  -1.053567893643   2.490872236282   4.885145345635  -2.621053248708  -5.324841186653  19.179570224768 
 -3.444999708200  -0.370620683525   0.507139020736   1.383844823611   0.874211042819  -0.642204083204   0.413393117704   7.748960681383   5.086408983473  -0.069993301757  -1.966831248970  10.181863336479   3.458962326595   0.505073748617  -0.523777895442  -1.636379055597   0.929820733307   3.770037811599 
 -6.346153155883  -0.461399279343   0.112630154709   4.476157249887   2.726753461404  -0.628406862508  -0.498080330248   5.086408983473  16.577632605269   0.153396906761  -7.045225719368  10.795860507437   6.450765717160  -0.524424011709   0.690328563004  -4.675660126115   1.819457317125  -0.544030694225 
  0.220949340436   1.644447047239   5.261066904713   0.553369377543  -2.403145558473   5.790720769182  -9.253116348675  -0.069993301757   0.153396906761   7.295807419996   0.507901376031  -1.599436700821  -0.342681502811  -1.117313324776  -4.326076618955   1.325294208856   2.064134874642  -4.972004877063 
  3.824757822586  -0.226763583142  -0.952962112315  -2.321927736090  -0.864943246917   0.170465585442   1.585394248504  -1.966831248970  -7.045225719368   0.507901376031   7.894343296625  -7.221834763673  -4.572703667159   1.075683738313  -0.679767489333   1.077811925589  -1.964472627147   1.174106792566 
-21.344826143361  -6.095188277240   0.454490873989   5.390736802645   3.900004427206  -3.433007974519  -3.020643949315  10.181863336479  10.795860507437  -1.599436700821  -7.221834763673  77.858933766166  22.204060861037   0.276712273921   1.387360946383  -5.620289022218   3.300335952040   9.164142186082 
 -7.708841896047  -2.475586642956   0.349343058057   2.440157560341   0.662713375856  -0.819790153270  -1.053567893643   3.458962326595   6.450765717160  -0.342681502811  -4.572703667159  22.204060861037   9.017733605980  -0.839276823671   0.276135766155  -2.372862751966   2.827289904177   0.363352763784 
  0.966975635794  -0.506940427820  -1.200106477054  -0.451410056260   1.219914079885  -0.858922231949   2.490872236282   0.505073748617  -0.524424011709  -1.117313324776   1.075683738313   0.276712273921  -0.839276823671   2.354455484611   2.508066046328   0.213435173576  -4.211723421119   2.401331889186 
 -0.630625146757  -1.390585283919  -3.779112808498   0.184465250068   1.938424417811  -2.793706711431   4.885145345635  -0.523777895442   0.690328563004  -4.326076618955  -0.679767489333   1.387360946383   0.276135766155   2.508066046328  10.335618314207  -0.088646399410  -6.545017064007   4.866654104075 
  2.350363711337   0.733586483110   1.225968466516  -1.019790570817  -1.614586797285   1.755103157312  -2.621053248708  -1.636379055597  -4.675660126115   1.325294208856   1.077811925589  -5.620289022218  -2.372862751966   0.213435173576  -0.088646399410   5.642110032300  -0.753285035385  -0.431557187516 
 -1.156193805815   0.832804729831   1.747668146512   0.409684976717  -2.334841066469   3.081951262427  -5.324841186653   0.929820733307   1.819457317125   2.064134874642  -1.964472627147   3.300335952040   2.827289904177  -4.211723421119  -6.545017064007  -0.753285035385  37.765073568375 -10.180224023997 
  0.181971404528  -1.788518942603  -2.611765702621  -1.106458954139   3.123551538398 -15.049682431815  19.179570224768   3.770037811599  -0.544030694225  -4.972004877063   1.174106792566   9.164142186082   0.363352763784   2.401331889186   4.866654104075  -0.431557187516 -10.180224023997  19.807839555824 

-94.928548846581 -21.254209596104   6.341880523675  36.781655656878  22.762997129627 -13.832862600571 -12.586166392810  53.266638283384  92.196083971647  -5.949266890502 -52.022780293952 304.791583506308  99.355927096597  -4.160286559024   6.309869301105 -32.731428528377  21.155859154908  28.607666749826 

GT
  9.783419912068   0.977246512234  -0.545307022235  -1.652894551517  -0.580845782175  -1.574230852863   0.261544027067  -2.725419700923  -5.197076290482  -1.485170590767   3.198206178313 -23.636510074319  -8.885218920194   2.833308575412   0.681568733491   2.020290173784  -1.124577411910   1.352396014435 
  0.977246512234   2.219351083048   0.717041471108  -0.397496554940  -1.993991376397   2.621462886176  -3.382773794322  -1.427483070925  -0.110925932945   1.709216535751   0.334272899222  -5.224001516932  -2.437985641308  -0.919445518043  -0.993742651147   0.221213402701   0.826562528656  -2.662185585352 
 -0.545307022235   0.717041471108  13.171618281962   1.005491560883 -13.080958724311   0.192247462255  -3.584781386262  -1.085552192007  -0.716728780022   4.907767821348  -1.158432366991   0.599775996305   0.260144774525  -1.300499107561  -4.001734964734   0.491016628585   1.575955133801  -2.075645265097 
 -1.652894551517  -0.397496554940   1.005491560883   6.052175653771  -4.504748285581  -1.712885385726  -1.374842831596   1.950709550104   5.448733312029  -0.238121711795  -1.125902165037   5.761374383063   2.441092765328  -0.253509446913   0.309040356211  -1.278831906511   1.598339625773  -0.610495394455 
 -0.580845782175  -1.993991376397 -13.080958724311  -4.504748285581  54.557705999984   2.046836819490   4.608129793436   1.422399194446   2.784333494733  -1.402475421536  -1.666974018703   2.121386601241   0.408341396899   0.881212391708   1.901362582275  -1.663596900372  -3.164339292613   1.110608610538 
 -1.574230852863   2.621462886176   0.192247462255  -1.712885385726   2.046836819490  22.208706212537 -23.324326821202  -0.255294228047   0.219620541683   5.652697536093   0.396692021933  -3.764228847531  -2.773652747101  -1.620928307262  -1.903810159664  -0.564992540623   0.486479863522 -17.517334291670 
  0.261544027067  -3.382773794322  -3.584781386262  -1.374842831596   4.608129793436 -23.324326821202  38.902060822712   0.049776075586  -1.222492629989  -8.204544206942   0.925931010241   2.608076919997   2.743290341107   1.513980462837   3.767247541910   0.100935084393  -4.036566779926  23.995020190038 
 -2.725419700923  -1.427483070925  -1.085552192007   1.950709550104   1.422399194446  -0.255294228047   0.049776075586   8.459101021777   5.854609794739  -0.659640908777  -0.882041648033   9.230668701712   3.481753110980   0.617308692466   0.255125543423  -2.299888257316   0.644016138238   1.506271638317 
 -5.197076290482  -0.110925932945  -0.716728780022   5.448733312029   2.784333494733   0.219620541683  -1.222492629989   5.854609794739  19.247739162607  -1.309658649677  -6.108093720496   8.027995285685   5.683209925803   0.086886473813   1.529506156574  -5.147962589594   3.243009876322  -0.156867083595 
 -1.485170590767   1.709216535751   4.907767821348  -0.238121711795  -1.402475421536   5.652697536093  -8.204544206942  -0.659640908777  -1.309658649677   8.207759478554  -0.428401288620   0.754485305864   0.168733928528  -2.311055427924  -5.371502287431  -0.369771069538   1.056752028427  -5.122655193038 
  3.198206178313   0.334272899222  -1.158432366991  -1.125902165037  -1.666974018703   0.396692021933   0.925931010241  -0.882041648033  -6.108093720496  -0.428401288620  10.699883828258  -2.890724602378  -3.221809793867  -0.042598691010  -0.375706219067   1.046740755553  -1.582184705754   1.948199529732 
-23.636510074319  -5.224001516932   0.599775996305   5.761374383063   2.121386601241  -3.764228847531   2.608076919997   9.230668701712   8.027995285685   0.754485305864  -2.890724602378  82.929244395993  25.569527871510  -4.848128793438  -0.426725765613  -4.511702037172   4.508701375550   0.429724068338 
 -8.885218920194  -2.437985641308   0.260144774525   2.441092765328   0.408341396899  -2.773652747101   2.743290341107   3.481753110980   5.683209925803   0.168733928528  -3.221809793867  25.569527871510  10.301580448763  -1.894869840569  -0.475788446752  -2.140681079199   0.212549342439   2.069851545241 
  2.833308575412  -0.919445518043  -1.300499107561  -0.253509446913   0.881212391708  -1.620928307262   1.513980462837   0.617308692466   0.086886473813  -2.311055427924  -0.042598691010  -4.848128793438  -1.894869840569   2.698251416607   1.660939162568  -0.024705381097  -0.654279188262   1.332292395419 
  0.681568733491  -0.993742651147  -4.001734964734   0.309040356211   1.901362582275  -1.903810159664   3.767247541910   0.255125543423   1.529506156574  -5.371502287431  -0.375706219067  -0.426725765613  -0.475788446752   1.660939162568   5.587219675906  -0.157882273148  -2.829980087661   1.302492556761 
  2.020290173784   0.221213402701   0.491016628585  -1.278831906511  -1.663596900372  -0.564992540623   0.100935084393  -2.299888257316  -5.147962589594  -0.369771069538   1.046740755553  -4.511702037172  -2.140681079199  -0.024705381097  -0.157882273148   6.329805057430   2.551943789122   1.173565287316 
 -1.124577411910   0.826562528656   1.575955133801   1.598339625773  -3.164339292613   0.486479863522  -4.036566779926   0.644016138238   3.243009876322   1.056752028427  -1.582184705754   4.508701375550   0.212549342439  -0.654279188262  -2.829980087661   2.551943789122  34.480891405321  -2.111766617645 
  1.352396014435  -2.662185585352  -2.075645265097  -0.610495394455   1.110608610538 -17.517334291670  23.995020190038   1.506271638317  -0.156867083595  -5.122655193038   1.948199529732   0.429724068338   2.069851545241   1.332292395419   1.302492556761   1.173565287316  -2.111766617645  20.711985538619 

-101.586404612021 -18.457174832934   3.568673955551  38.915556869068  18.848373775098 -11.854957402945   9.869754325266  49.146834628016  87.248349793334  -1.773771614455 -34.545477112148 313.597564511974 108.171832120451 -18.421332724166   3.200176209901 -31.356547040274  22.688205291779   2.271898911280 

TA
  6.718354298397   0.359942552814  -0.604420469078  -2.085831745072  -0.324475628120   0.794611350461  -0.446546677942  -2.901547027893  -5.876439484768   0.113077706835   4.218225703036 -16.260616458696  -6.366590775512   0.792878105187  -0.432715596046   2.098490966772  -0.864686019605   0.006125049244 
  0.359942552814   1.771548731970   1.036390888190   0.968659430837   0.056215137573   1.603916460398  -2.553199712515   0.244790401259  -0.070894601835   1.210637727014   0.290550969200   0.076599686301  -0.792878105187  -0.288416983180  -1.286205171213   0.457315205278   0.629903514932  -0.433269975661 
 -0.604420469078   1.036390888190   4.999590420645   0.229761545742  -4.318334627550   1.226479381881  -4.585828784976  -0.279495981469   0.726345250533   3.611686438655  -0.927373856806   0.559404764379   0.432715596046  -1.286205171213  -2.768734429625   0.424369218177   1.292585776559  -2.785087720172 
 -2.085831745072   0.968659430837   0.229761545742   5.180484536798   1.873757866512   2.567730303253  -2.827904521470   0.775497177591   2.945240980988   0.929577517564  -0.619600515379   4.862294636494   2.098490966772  -0.457315205278  -0.424369218177  -0.631509452634   1.180851203126  -1.657808580582 
 -0.324475628120   0.056215137573  -4.318334627550   1.873757866512  28.974217570684  -0.777920244314   4.204670422802   0.673286708527   0.786512962377  -1.472542829033  -0.587720909487   3.169428383379   0.864686019605   0.629903514932   1.292585776559  -1.180851203126  -1.148214656126   2.714490566569 
  0.794611350461   1.603916460398   1.226479381881   2.567730303253  -0.777920244314  17.266509924481 -17.254276090135   1.855660614995  -1.741276571731   5.425561770984   2.932031371385   6.799759501400  -0.006125049244  -0.433269975661  -2.785087720172   1.657808580582   2.714490566569  -7.780379124000 
 -0.446546677942  -2.553199712515  -4.585828784976  -2.827904521470   4.204670422802 -17.254276090135  27.315217527770   0.000000000000  -0.000000000000  -7.954335858952   0.000000000000  -0.000000000000  -0.446546677942   2.553199712515   4.585828784976  -2.827904521470  -4.204670422802  17.254276090135 
 -2.901547027893   0.244790401259  -0.279495981469   0.775497177591   0.673286708527   1.855660614995   0.000000000000   6.687569732004   5.252158891498   0.000000000000  -0.757254405249   6.639471548983   2.901547027893   0.244790401259  -0.279495981469  -0.775497177591   0.673286708527   1.855660614995 
 -5.876439484768  -0.070894601835   0.726345250533   2.945240980988   0.786512962377  -1.741276571731  -0.000000000000   5.252158891498  12.257766424410   0.000000000000  -5.095618716736   7.346735398986   5.876439484768  -0.070894601835   0.726345250533  -2.945240980988   0.786512962377  -1.741276571731 
  0.113077706835   1.210637727014   3.611686438655   0.929577517564  -1.472542829033   5.425561770984  -7.954335858952   0.000000000000   0.000000000000   5.538462655762  -0.000000000000   0.000000000000   0.113077706835  -1.210637727014  -3.611686438655   0.929577517564   1.472542829033  -5.425561770984 
  4.218225703036   0.290550969200  -0.927373856806  -0.619600515379  -0.587720909487   2.932031371385   0.000000000000  -0.757254405249  -5.095618716736  -0.000000000000   7.219828120587  -5.768919428896  -4.218225703036   0.290550969200  -0.927373856806   0.619600515379  -0.587720909487   2.932031371385 
-16.260616458696   0.076599686301   0.559404764379   4.862294636494   3.169428383379   6.799759501400  -0.000000000000   6.639471548983   7.346735398986   0.000000000000  -5.768919428896  61.876859752101  16.260616458696   0.076599686301   0.559404764379  -4.862294636494   3.169428383379   6.799759501400 
 -6.366590775512  -0.792878105187   0.432715596046   2.098490966772   0.864686019605  -0.006125049244  -0.446546677942   2.901547027893   5.876439484768   0.113077706835  -4.218225703036  16.260616458696   6.718354298397  -0.359942552814   0.604420469078  -2.085831745072   0.324475628120  -0.794611350461 
  0.792878105187  -0.288416983180  -1.286205171213  -0.457315205278   0.629903514932  -0.433269975661   2.553199712515   0.244790401259  -0.070894601835  -1.210637727014   0.290550969200   0.076599686301  -0.359942552814   1.771548731970   1.036390888190  -0.968659430837   0.056215137573   1.603916460398 
 -0.432715596046  -1.286205171213  -2.768734429625  -0.424369218177   1.292585776559  -2.785087720172   4.585828784976  -0.279495981469   0.726345250533  -3.611686438655  -0.927373856806   0.559404764379   0.604420469078   1.036390888190   4.999590420645  -0.229761545742  -4.318334627550   1.226479381881 
  2.098490966772   0.457315205278   0.424369218177  -0.631509452634  -1.180851203126   1.657808580582  -2.827904521470  -0.775497177591  -2.945240980988   0.929577517564   0.619600515379  -4.862294636494  -2.085831745072  -0.968659430837  -0.229761545742   5.180484536798  -1.873757866512  -2.567730303253 
 -0.864686019605   0.629903514932   1.292585776559   1.180851203126  -1.148214656126   2.714490566569  -4.204670422802   0.673286708527   0.786512962377   1.472542829033  -0.587720909487   3.169428383379   0.324475628120   0.056215137573  -4.318334627550  -1.873757866512  28.974217570684  -0.777920244314 
  0.006125049244  -0.433269975661  -2.785087720172  -1.657808580582   2.714490566569  -7.780379124000  17.254276090135   1.855660614995  -1.741276571731  -5.425561770984   2.932031371385   6.799759501400  -0.794611350461   1.603916460398   1.226479381881  -2.567730303253  -0.777920244314  17.266509924481 

-73.962379982917  -1.102276254308   4.449822913280  23.717445932713  10.235822425505  17.306498746746   0.000000000000  41.794011168538  64.333922531772   0.000000000000 -36.786907083797 230.516892938440  73.962379982917  -1.102276254308   4.449822913280 -23.717445932713  10.235822425505  17.306498746746 

TC
  8.364938995802   0.669622716279  -0.208861771591  -2.356397848601  -0.496340551521   0.807251746976  -1.960447002336  -3.473505619889  -6.416380917076  -0.456736561664   4.239201947373 -20.964386672606  -7.687061954237   2.200011552966  -0.012872425034   2.606455430775  -0.404494544228   0.193935101221 
  0.669622716279   2.386042669848   0.936388708005   0.688170574715  -0.733892955462   1.433726368479  -2.698114641137  -0.401197471507  -0.991764552112   1.195644067501   0.998017673729  -0.668870579257  -1.528194731382  -0.712216760428  -0.915569162344   0.308814767002   0.922250621475  -1.875231328649 
 -0.208861771591   0.936388708005   5.415602852462   0.634451315435  -2.159968179997   1.557926855150  -4.401161497047  -1.131837287140   0.492112038966   4.713788001074  -0.608673519751  -0.198958955280  -0.177047292149  -1.167691153629  -3.715942906450   0.266583281806   1.502261899525  -2.382131562676 
 -2.356397848601   0.688170574715   0.634451315435   6.694553701653   2.085752324991   2.681580852549  -2.539099008536   1.224514097968   5.134617311372   2.114787933201  -1.175007647709   5.761193270936   2.578346466893  -0.924498841801  -1.244011223388  -1.949969569969   1.821735971256  -1.970643783348 
 -0.496340551521  -0.733892955462  -2.159968179997   2.085752324991  32.254493581452  -0.860859814279   4.246101490702   0.971739376451   1.881406693446  -1.183555784137  -1.130480318946   3.135697272406   1.272040503868   0.903772252503   1.520331701059  -1.326767429849  -2.240733280855   2.085973255741 
  0.807251746976   1.433726368479   1.557926855150   2.681580852549  -0.860859814279  18.859175828325 -19.609739576887   3.150818756375  -0.385249861483   6.284553777082   1.526926495008   7.243303727970  -0.774954032969  -2.383179570724  -2.443786220971  -0.744138073560   1.452421288222 -15.182333609951 
 -1.960447002336  -2.698114641137  -4.401161497047  -2.539099008536   4.246101490702 -19.609739576887  31.288228297540   0.144666918495   0.594687089966  -9.507428114074  -1.050142621031   2.901634864373   2.602862788674   2.751786730087   4.621456256852  -0.287253374898  -2.352335082755  19.295926426719 
 -3.473505619889  -0.401197471507  -1.131837287140   1.224514097968   0.971739376451   3.150818756375   0.144666918495   8.029292902801   5.902755902060  -0.107604411520  -2.271700533398   9.485050878708   3.403464262065  -0.825132714187   0.720593159665  -2.357546604645   0.331838138910  -0.975667752530 
 -6.416380917076  -0.991764552112   0.492112038966   5.134617311372   1.881406693446  -0.385249861483   0.594687089966   5.902755902060  17.338013256800   0.985687570618  -7.190378049291  10.895737881534   7.034186288715  -0.470497518952  -1.028081482545  -4.906717067464   2.933207034417   0.317345113165 
 -0.456736561664   1.195644067501   4.713788001074   2.114787933201  -1.183555784137   6.284553777082  -9.507428114074  -0.107604411520   0.985687570618   8.434958526501  -0.967504262805   1.993868581785   0.269082171349  -2.114835920669  -5.121324786470  -0.044116293239   1.354307269782  -6.477008176964 
  4.239201947373   0.998017673729  -0.608673519751  -1.175007647709  -1.130480318946   1.526926495008  -1.050142621031  -2.271700533398  -7.190378049291  -0.967504262805   8.642154089526  -6.783661699542  -3.620735382341  -0.267649707117  -0.739348895990   1.990434210549   0.057619945195   1.336185960965 
-20.964386672606  -0.668870579257  -0.198958955280   5.761193270936   3.135697272406   7.243303727970   2.901634864373   9.485050878708  10.895737881534   1.993868581785  -6.783661699542  75.541962610353  20.142465219059  -6.682265123645   0.101671926710  -6.591208672943   1.954796487010  -6.922080285014 
 -7.687061954237  -1.528194731382  -0.177047292149   2.578346466893   1.272040503868  -0.774954032969   2.602862788674   3.403464262065   7.034186288715   0.269082171349  -3.620735382341  20.142465219059   8.521418156446  -1.369788443231  -0.737459836597  -2.055964209283   3.340086893666   1.726285590425 
  2.200011552966  -0.712216760428  -1.167691153629  -0.924498841801   0.903772252503  -2.383179570724   2.751786730087  -0.825132714187  -0.470497518952  -2.114835920669  -0.267649707117  -6.682265123645  -1.369788443231   2.337916327506   1.353666679165   0.381398568581  -2.408675505836   2.299000400236 
 -0.012872425034  -0.915569162344  -3.715942906450  -1.244011223388   1.520331701059  -2.443786220971   4.621456256852   0.720593159665  -1.028081482545  -5.121324786470  -0.739348895990   0.101671926710  -0.737459836597   1.353666679165  12.800213270359  -0.639096225704 -11.114060724893   1.048405652310 
  2.606455430775   0.308814767002   0.266583281806  -1.949969569969  -1.326767429849  -0.744138073560  -0.287253374898  -2.357546604645  -4.906717067464  -0.044116293239   1.990434210549  -6.591208672943  -2.055964209283   0.381398568581  -0.639096225704   5.382706486615   3.338053724705   1.297969160155 
 -0.404494544228   0.922250621475   1.502261899525   1.821735971256  -2.240733280855   1.452421288222  -2.352335082755   0.331838138910   2.933207034417   1.354307269782   0.057619945195   1.954796487010   3.340086893666  -2.408675505836 -11.114060724893   3.338053724705  53.597063199713  -1.491004253463 
  0.193935101221  -1.875231328649  -2.382131562676  -1.970643783348   2.085973255741 -15.182333609951  19.295926426719  -0.975667752530   0.317345113165  -6.477008176964   1.336185960965  -6.922080285014   1.726285590425   2.299000400236   1.048405652310   1.297969160155  -1.491004253463  20.988372076281 

-94.368021895670  -8.144403329963   1.561200704390  35.422428155678  15.580571044459  24.806364748077  12.137694895445  53.753311947417  96.563783415310  12.533677525119 -49.498370245503 297.557622829341  93.619188087377 -24.266960150661  -0.546336620440 -42.192917198549  17.626030871457 -23.112257400856 

TG
  6.985017799151   0.234425482951  -0.842433988358  -1.812752549342  -0.233118770954   0.585651196308  -0.694762632080  -3.269913590923  -5.952870123094  -0.084970768728   3.837504919611 -17.279261158015  -6.416125008295   0.419124498186  -0.720398666856   2.229083926604  -0.691118272864  -0.886047043389 
  0.234425482951   2.130786836584   0.948601365098   0.995690285681  -0.285710714385   1.849981708245  -2.888662889552   0.370712120685   0.083270085430   0.932067872996   0.484525005159   0.657934949177  -0.882302869874  -0.289383565059  -1.403648112614   0.190602233373   0.666302055285   0.172921133532 
 -0.842433988358   0.948601365098   4.928350219713   0.486153828092  -3.230518367477   1.016467924878  -4.518802717016  -0.207097681507   1.186784356999   3.476945507979  -0.939806027036   0.665718094367   0.665390133239  -1.239966440805  -2.548079897424   0.266319102176   1.087797099043  -2.232901132445 
 -1.812752549342   0.995690285681   0.486153828092   5.837537613241   2.479281135454   2.534043266843  -3.307651084174   0.311580006743   2.629460132654   2.095739718701  -0.789806967617   4.811075879966   2.011839510892  -0.579600513098  -0.435495247426   0.050008983177   1.189458351878  -1.998440034196 
 -0.233118770954  -0.285710714385  -3.230518367477   2.479281135454  33.547487859194  -1.534119318587   4.098914510341   1.085474171311   0.405404692135  -0.923752533705   0.382260904400   3.727506951607   0.707765934018   0.820242924575   1.011339705532  -0.738940525575  -1.524285793497   3.481143526781 
  0.585651196308   1.849981708245   1.016467924878   2.534043266843  -1.534119318587  18.067677518017 -17.525200480564   2.459402102821  -2.259608831032   5.097469251853   1.566087596701   8.566911441868   0.015048393323   0.431256507902  -2.711828623603   1.650571349418   3.592096818133  -7.223889491724 
 -0.694762632080  -2.888662889552  -4.518802717016  -3.307651084174   4.098914510341 -17.525200480564  28.390943587752   0.424933324649  -0.134546493198  -8.093054371307   0.680383193421   0.445699227462   0.198382123150   2.294905397299   4.908067854154  -2.375188554719  -4.367605942717  16.710190600931 
 -3.269913590923   0.370712120685  -0.207097681507   0.311580006743   1.085474171311   2.459402102821   0.424933324649   7.847400760001   4.660152556400  -0.269147265755  -0.978909459877   8.444280005845   3.085385798298   1.152368477311  -0.096717261497  -1.290785384204   1.023532988285   2.666962482768 
 -5.952870123094   0.083270085430   1.186784356999   2.629460132654   0.405404692135  -2.259608831032  -0.134546493198   4.660152556400  11.712504541751   0.487798178283  -4.935517327939   6.991042421941   6.036158386141  -0.093674245624   0.936012645887  -2.704288153420   0.832195952308  -2.138562887359 
 -0.084970768728   0.932067872996   3.476945507979   2.095739718701  -0.923752533705   5.097469251853  -8.093054371307  -0.269147265755   0.487798178283   6.159793702312  -0.335234945507   0.102958027704   0.361877382994  -1.176732532140  -3.368685076323   0.750736899106   1.406012533011  -4.867800338197 
  3.837504919611   0.484525005159  -0.939806027036  -0.789806967617   0.382260904400   1.566087596701   0.680383193421  -0.978909459877  -4.935517327939  -0.335234945507   7.922354357222  -5.332422312668  -4.189485086242   0.292667957026  -1.213101978889   0.342007510113  -0.503876353797   3.655273034591 
-17.279261158015   0.657934949177   0.665718094367   4.811075879966   3.727506951607   8.566911441868   0.445699227462   8.444280005845   6.991042421941   0.102958027704  -5.332422312668  68.531410951619  17.156990292187   1.567044413252   1.334259594250  -4.983141784127   3.968913949700   9.502912985228 
 -6.416125008295  -0.882302869874   0.665390133239   2.011839510892   0.707765934018   0.015048393323   0.198382123150   3.085385798298   6.036158386141   0.361877382994  -4.189485086242  17.156990292187   7.060207020130  -0.277972938031   0.470908415595  -2.095888995288   1.881574121580  -0.282117308036 
  0.419124498186  -0.289383565059  -1.239966440805  -0.579600513098   0.820242924575   0.431256507902   2.294905397299   1.152368477311  -0.093674245624  -1.176732532140   0.292667957026   1.567044413252  -0.277972938031   1.980718929058   1.853998792852  -0.248773057299  -2.727699194267   2.063401679601 
 -0.720398666856  -1.403648112614  -2.548079897424  -0.435495247426   1.011339705532  -2.711828623603   4.908067854154  -0.096717261497   0.936012645887  -3.368685076323  -1.213101978889   1.334259594250   0.470908415595   1.853998792852   9.074358607741   0.307593438583  -8.013632205641   3.437396870803 
  2.229083926604   0.190602233373   0.266319102176   0.050008983177  -0.738940525575   1.650571349418  -2.375188554719  -1.290785384204  -2.704288153420   0.750736899106   0.342007510113  -4.983141784127  -2.095888995288  -0.248773057299   0.307593438583   3.945368482970   0.132441773433  -1.255780770434 
 -0.691118272864   0.666302055285   1.087797099043   1.189458351878  -1.524285793497   3.592096818133  -4.367605942717   1.023532988285   0.832195952308   1.406012533011  -0.503876353797   3.968913949700   1.881574121580  -2.727699194267  -8.013632205641   0.132441773433  33.499724399352  -5.398924026158 
 -0.886047043389   0.172921133532  -2.232901132445  -1.998440034196   3.481143526781  -7.223889491724  16.710190600931   2.666962482768  -2.138562887359  -4.867800338197   3.655273034591   9.502912985228  -0.282117308036   2.063401679601   3.437396870803  -1.255780770434  -5.398924026158  18.676793450623 

-77.695684743567   1.325570106712   6.704493163085  22.756500620708  11.266688372201  22.174583606770   0.963538836176  46.915609620591  61.057182255136   2.825223354187 -35.089145605118 252.000077550957  78.117809401783   3.356178339144   7.391099283798 -22.939255673886  17.912161500081  24.786840476122 

TT
  9.245807230655   0.945002467841  -0.509030856317  -2.130035637268  -0.073285525372   1.709981920351  -4.079662552341  -3.218273979640  -6.443308508530  -0.911468972417   3.986406311665 -22.137059464480  -8.755435764929   2.464467021946   0.185371219076   2.493134853308  -1.062659128691  -1.109443368494 
  0.945002467841   2.796443796179   0.616294251700   1.184267847464  -0.727370302972   1.676144117839  -3.312532091503  -1.010263597479  -0.344528420141   1.256114459932   1.759735184440  -1.304856688572  -1.458597743534  -0.854099323183  -1.180032700633   0.257339673572   1.186186510043  -1.342196870074 
 -0.509030856317   0.616294251700   6.049152181066  -0.271985966471  -3.646424226186   0.732966922827  -3.154883711259  -1.497887489070  -0.931398056917   4.961580586574  -1.491571565959  -0.145231495694  -0.070615568126  -1.679252812307  -3.666815470871   0.404022165803   0.559683670081  -2.247014269168 
 -2.130035637268   1.184267847464  -0.271985966471   7.823902095130   2.588939919129   2.812630510438  -2.944650588428   0.995400212665   5.353996658434   1.458465135368  -0.655914634847   5.658697342166   2.279153491256  -1.134384785007  -0.620755959780  -1.044508458900   1.499698001716  -1.941239037715 
 -0.073285525372  -0.727370302972  -3.646424226186   2.588939919129  37.187528758358  -0.498463055152   4.069450064343   1.571661488200   2.015714559516  -1.396378770789  -1.184810967298   2.869704081047   1.140318099072   0.998468563896   1.525804276626  -1.035322218339  -2.066776960323   2.639373470436 
  1.709981920351   1.676144117839   0.732966922827   2.812630510438  -0.498463055152  19.751654646032 -20.934490136365   2.280838479578  -0.607932568529   6.071168400341   0.802080474368   5.943438036962  -1.219266904600  -0.908503506294  -2.424922422574  -0.324203328388   1.197620167190 -15.694641201856 
 -4.079662552341  -3.312532091503  -3.154883711259  -2.944650588428   4.069450064343 -20.934490136365  35.555013752981   0.831232907580  -0.299180526055  -8.675785643072  -0.284197378482   7.934330019968   5.066398737996   1.736214835963   3.936537082831  -0.130490162846  -1.984268391517  21.645138190561 
 -3.218273979640  -1.010263597479  -1.497887489070   0.995400212665   1.571661488200   2.280838479578   0.831232907580   9.200837160788   6.535171979593  -0.913612765976  -3.027414676644   8.553850269981   3.997635998749   1.076268434144   0.607059947044  -2.375962603793   0.823775876780   0.510021010392 
 -6.443308508530  -0.344528420141  -0.931398056917   5.353996658434   2.015714559516  -0.607932568529  -0.299180526055   6.535171979593  19.981289021773  -1.537676225260  -7.990171983475  10.824716498302   6.571558832176  -0.012811579568   2.039517713164  -5.762731758653   2.729676725996  -0.999324242997 
 -0.911468972417   1.256114459932   4.961580586574   1.458465135368  -1.396378770789   6.071168400341  -8.675785643072  -0.913612765976  -1.537676225260  10.681064759528  -1.282862372488   2.390197945307   0.430293483470  -3.144624138217  -5.961904702286   0.430809037014   0.705785210828  -5.912279744546 
  3.986406311665   1.759735184440  -1.491571565959  -0.655914634847  -1.184810967298   0.802080474368  -0.284197378482  -3.027414676644  -7.990171983475  -1.282862372488  11.304019809660  -5.840955194547  -3.033339727356  -0.336338263217  -1.613028194118   2.330709184533   1.077203204437   3.259399562298 
-22.137059464480  -1.304856688572  -0.145231495694   5.658697342166   2.869704081047   5.943438036962   7.934330019968   8.553850269981  10.824716498302   2.390197945307  -5.840955194547  78.231403856178  23.381347706152  -5.492888397274  -0.497715880501  -6.157743346238   4.264363889003  -2.125637654890 
 -8.755435764929  -1.458597743534  -0.070615568126   2.279153491256   1.140318099072  -1.219266904600   5.066398737996   3.997635998749   6.571558832176   0.430293483470  -3.033339727356  23.381347706152   9.426111754573  -1.791600555151  -0.362000271905  -2.811989821296  -0.276622199912   2.164641839752 
  2.464467021946  -0.854099323183  -1.679252812307  -1.134384785007   0.998468563896  -0.908503506294   1.736214835963   1.076268434144  -0.012811579568  -3.144624138217  -0.336338263217  -5.492888397274  -1.791600555151   3.044764860073   2.174594102372  -0.121849217024  -1.501192457312   1.355212901405 
  0.185371219076  -1.180032700633  -3.666815470871  -0.620755959780   1.525804276626  -2.424922422574   3.936537082831   0.607059947044   2.039517713164  -5.961904702286  -1.613028194118  -0.497715880501  -0.362000271905   2.174594102372   6.043118761928  -0.359416899945  -4.995703082686   1.471857488552 
  2.493134853308   0.257339673572   0.404022165803  -1.044508458900  -1.035322218339  -0.324203328388  -0.130490162846  -2.375962603793  -5.762731758653   0.430809037014   2.330709184533  -6.157743346238  -2.811989821296  -0.121849217024  -0.359416899945   6.719694496848   2.394033154146   1.215530443722 
 -1.062659128691   1.186186510043   0.559683670081   1.499698001716  -2.066776960323   1.197620167190  -1.984268391517   0.823775876780   2.729676725996   0.705785210828   1.077203204437   4.264363889003  -0.276622199912  -1.501192457312  -4.995703082686   2.394033154146  35.605340279454  -5.447265046729 
 -1.109443368494  -1.342196870074  -2.247014269168  -1.941239037715   2.639373470436 -15.694641201856  21.645138190561   0.510021010392  -0.999324242997  -5.912279744546   3.259399562298  -2.125637654890   2.164641839752   1.355212901405   1.471857488552   1.215530443722  -5.447265046729  20.213293061441 

-100.052336621316  -9.984509091459  -1.131739007214  34.069132607149  13.747250937224  15.981538513262  30.365177379778  50.315633392434 102.454274504173   7.060651835279 -52.573621712275 305.581517936876 103.117416588963 -21.709661910777   4.111056785180 -40.009827939702  18.985549829961 -12.498980144149 

A
  0.141141352417  -0.000115954082  -0.353469332129   0.149048833701  -1.380936430651  -0.074151443749 
 -0.000115954082   0.031245647828   0.137578368449   0.436066133136  -0.086627781699   0.144813104146 
 -0.353469332129   0.137578368449   1.510922655305   1.565579548248   3.116870059729   0.834773168813 
  0.149048833701   0.436066133136   1.565579548248   6.269272772683  -2.640370212565   1.955508889050 
 -1.380936430651  -0.086627781699   3.116870059729  -2.640370212565  13.845080988398   0.344382669130 
 -0.074151443749   0.144813104146   0.834773168813   1.955508889050   0.344382669130   0.717159162042 

 -0.117417541468   0.742738330102   1.287035332493   0.385631943993   5.011276505475   0.368925340288 

C
  0.073490359425   0.081489218530   0.434651844540  -0.684404367977  -0.764498817475   0.169560148121 
  0.081489218530   0.625326238695   0.273779833802  -0.372720485072   2.865359554679   0.546489779731 
  0.434651844540   0.273779833802   2.659312143436  -4.209969889317  -5.986147248805   0.865582698852 
 -0.684404367977  -0.372720485072  -4.209969889317   6.671004746396   9.830696912868  -1.323802447578 
 -0.764498817475   2.865359554679  -5.986147248805   9.830696912868  33.775274868074   0.718402113767 
  0.169560148121   0.546489779731   0.865582698852  -1.323802447578   0.718402113767   0.632082968392 

 -0.232565322963  -0.478499554162  -3.188502738733   4.495115707254  -1.963248812549  -1.579137762782 

G
  0.073490359425  -0.081489218530  -0.434651844540  -0.684404367977   0.764498817475  -0.169560148121 
 -0.081489218530   0.625326238695   0.273779833802   0.372720485072   2.865359554679   0.546489779731 
 -0.434651844540   0.273779833802   2.659312143436   4.209969889317  -5.986147248805   0.865582698852 
 -0.684404367977   0.372720485072   4.209969889317   6.671004746396  -9.830696912868   1.323802447578 
  0.764498817475   2.865359554679  -5.986147248805  -9.830696912868  33.775274868074   0.718402113767 
 -0.169560148121   0.546489779731   0.865582698852   1.323802447578   0.718402113767   0.632082968392 

  0.232565322963  -0.478499554162  -3.188502738733  -4.495115707254  -1.963248812549  -1.579137762782 

T
  0.141141352417   0.000115954082   0.353469332129   0.149048833701   1.380936430651   0.074151443749 
  0.000115954082   0.031245647828   0.137578368449  -0.436066133136  -0.086627781699   0.144813104146 
  0.353469332129   0.137578368449   1.510922655305  -1.565579548248   3.116870059729   0.834773168813 
  0.149048833701  -0.436066133136  -1.565579548248   6.269272772683   2.640370212565  -1.955508889050 
  1.380936430651  -0.086627781699   3.116870059729   2.640370212565  13.845080988398   0.344382669130 
  0.074151443749   0.144813104146   0.834773168813  -1.955508889050   0.344382669130   0.717159162042 

  0.117417541468   0.742738330102   1.287035332493  -0.385631943993   5.011276505475   0.368925340288 

